  -4.9950000000000001       0.44500000000000001     
  -4.9850000000000003       0.44500000000000001     
  -4.9749999999999996       0.44500000000000001     
  -4.9649999999999999       0.44500000000000001     
  -4.9550000000000001       0.44500000000000001     
  -4.9450000000000003       0.44500000000000001     
  -4.9349999999999996       0.44500000000000001     
  -4.9249999999999998       0.44500000000000001     
  -4.9150000000000000       0.44500000000000001     
  -4.9050000000000002       0.44500000000000001     
  -4.8949999999999996       0.44500000000000001     
  -4.8849999999999998       0.44500000000000001     
  -4.8750000000000000       0.44500000000000001     
  -4.8650000000000002       0.44500000000000001     
  -4.8550000000000004       0.44500000000000001     
  -4.8449999999999998       0.44500000000000001     
  -4.8350000000000000       0.44500000000000001     
  -4.8250000000000002       0.44500000000000001     
  -4.8150000000000004       0.44500000000000001     
  -4.8049999999999997       0.44500000000000001     
  -4.7949999999999999       0.44500000000000001     
  -4.7850000000000001       0.44500000000000001     
  -4.7750000000000004       0.44500000000000001     
  -4.7649999999999997       0.44500000000000001     
  -4.7549999999999999       0.44500000000000001     
  -4.7450000000000001       0.44500000000000001     
  -4.7350000000000003       0.44500000000000001     
  -4.7249999999999996       0.44500000000000001     
  -4.7149999999999999       0.44500000000000001     
  -4.7050000000000001       0.44500000000000001     
  -4.6950000000000003       0.44500000000000001     
  -4.6849999999999996       0.44500000000000001     
  -4.6749999999999998       0.44500000000000001     
  -4.6650000000000000       0.44500000000000001     
  -4.6550000000000002       0.44500000000000001     
  -4.6449999999999996       0.44500000000000001     
  -4.6349999999999998       0.44500000000000001     
  -4.6250000000000000       0.44500000000000001     
  -4.6150000000000002       0.44500000000000001     
  -4.6050000000000004       0.44500000000000001     
  -4.5949999999999998       0.44500000000000001     
  -4.5850000000000000       0.44500000000000001     
  -4.5750000000000002       0.44500000000000001     
  -4.5650000000000004       0.44500000000000001     
  -4.5549999999999997       0.44500000000000001     
  -4.5449999999999999       0.44500000000000001     
  -4.5350000000000001       0.44500000000000001     
  -4.5250000000000004       0.44500000000000001     
  -4.5149999999999997       0.44500000000000001     
  -4.5049999999999999       0.44500000000000001     
  -4.4950000000000001       0.44500000000000001     
  -4.4850000000000003       0.44500000000000001     
  -4.4749999999999996       0.44500000000000001     
  -4.4649999999999999       0.44500000000000001     
  -4.4550000000000001       0.44500000000000001     
  -4.4450000000000003       0.44500000000000001     
  -4.4349999999999996       0.44500000000000001     
  -4.4249999999999998       0.44500000000000001     
  -4.4150000000000000       0.44500000000000001     
  -4.4050000000000002       0.44500000000000001     
  -4.3949999999999996       0.44500000000000001     
  -4.3849999999999998       0.44500000000000001     
  -4.3750000000000000       0.44500000000000001     
  -4.3650000000000002       0.44500000000000001     
  -4.3550000000000004       0.44500000000000001     
  -4.3449999999999998       0.44500000000000001     
  -4.3350000000000000       0.44500000000000001     
  -4.3250000000000002       0.44500000000000001     
  -4.3149999999999995       0.44500000000000001     
  -4.3049999999999997       0.44500000000000001     
  -4.2949999999999999       0.44500000000000001     
  -4.2850000000000001       0.44500000000000001     
  -4.2750000000000004       0.44500000000000001     
  -4.2649999999999997       0.44500000000000001     
  -4.2549999999999999       0.44500000000000001     
  -4.2450000000000001       0.44500000000000001     
  -4.2350000000000003       0.44500000000000001     
  -4.2249999999999996       0.44500000000000001     
  -4.2149999999999999       0.44500000000000001     
  -4.2050000000000001       0.44500000000000001     
  -4.1950000000000003       0.44500000000000001     
  -4.1849999999999996       0.44500000000000001     
  -4.1749999999999998       0.44500000000000001     
  -4.1650000000000000       0.44500000000000001     
  -4.1550000000000002       0.44500000000000001     
  -4.1449999999999996       0.44500000000000001     
  -4.1349999999999998       0.44500000000000001     
  -4.1250000000000000       0.44500000000000001     
  -4.1150000000000002       0.44500000000000001     
  -4.1050000000000004       0.44500000000000001     
  -4.0949999999999998       0.44500000000000001     
  -4.0850000000000000       0.44500000000000001     
  -4.0750000000000002       0.44500000000000001     
  -4.0649999999999995       0.44500000000000001     
  -4.0549999999999997       0.44500000000000001     
  -4.0449999999999999       0.44500000000000001     
  -4.0350000000000001       0.44500000000000001     
  -4.0250000000000004       0.44500000000000001     
  -4.0149999999999997       0.44500000000000001     
  -4.0049999999999999       0.44500000000000001     
  -3.9950000000000001       0.44500000000000001     
  -3.9849999999999999       0.44500000000000001     
  -3.9750000000000001       0.44500000000000001     
  -3.9649999999999999       0.44500000000000001     
  -3.9550000000000001       0.44500000000000001     
  -3.9450000000000003       0.44500000000000001     
  -3.9350000000000001       0.44500000000000001     
  -3.9249999999999998       0.44500000000000001     
  -3.9150000000000000       0.44500000000000001     
  -3.9050000000000002       0.44500000000000001     
  -3.8950000000000000       0.44500000000000001     
  -3.8849999999999998       0.44500000000000001     
  -3.8750000000000000       0.44500000000000001     
  -3.8650000000000002       0.44500000000000001     
  -3.8550000000000000       0.44500000000000001     
  -3.8449999999999998       0.44500000000000001     
  -3.8350000000000000       0.44500000000000001     
  -3.8250000000000002       0.44500000000000001     
  -3.8149999999999999       0.44500000000000001     
  -3.8049999999999997       0.44500000000000001     
  -3.7949999999999999       0.44500000000000001     
  -3.7850000000000001       0.44500000000000001     
  -3.7749999999999999       0.44500000000000001     
  -3.7649999999999997       0.44500000000000001     
  -3.7549999999999999       0.44500000000000001     
  -3.7450000000000001       0.44500000000000001     
  -3.7349999999999999       0.44499999999999967     
  -3.7249999999999996       0.44499999999999845     
  -3.7149999999999999       0.44499999999999423     
  -3.7050000000000001       0.44499999999998291     
  -3.6950000000000003       0.44499999999995449     
  -3.6850000000000001       0.44499999999988282     
  -3.6749999999999998       0.44499999999970402     
  -3.6650000000000000       0.44499999999925932     
  -3.6550000000000002       0.44499999999815554     
  -3.6450000000000000       0.44499999999541617     
  -3.6349999999999998       0.44499999998862338     
  -3.6250000000000000       0.44499999997178247     
  -3.6150000000000002       0.44499999993000960     
  -3.6050000000000000       0.44499999982638877     
  -3.5949999999999998       0.44499999956929243     
  -3.5850000000000000       0.44499999893120629     
  -3.5750000000000002       0.44499999734704659     
  -3.5649999999999999       0.44499999341253554     
  -3.5549999999999997       0.44499998363655613     
  -3.5449999999999999       0.44499995933615627     
  -3.5350000000000001       0.44499989890515046     
  -3.5249999999999999       0.44499974855679619     
  -3.5149999999999997       0.44499937433297038     
  -3.5049999999999999       0.44499844245945641     
  -3.4950000000000001       0.44499612092567187     
  -3.4849999999999999       0.44499033476722433     
  -3.4749999999999996       0.44497590639089718     
  -3.4649999999999999       0.44493990802881639     
  -3.4550000000000001       0.44484999061619579     
  -3.4450000000000003       0.44462424205466217     
  -3.4350000000000001       0.44414561978444372     
  -3.4249999999999998       0.44351017118052977     
  -3.4150000000000000       0.44280804601628976     
  -3.4050000000000002       0.44207402685353309     
  -3.3950000000000000       0.44132214879257542     
  -3.3849999999999998       0.44055871505569194     
  -3.3750000000000000       0.43978686104992265     
  -3.3650000000000002       0.43900847468493215     
  -3.3550000000000000       0.43822485365833597     
  -3.3449999999999998       0.43743696903965629     
  -3.3350000000000000       0.43664558993754105     
  -3.3250000000000002       0.43585134112429685     
  -3.3149999999999999       0.43505473918300591     
  -3.3049999999999997       0.43425621707847317     
  -3.2949999999999999       0.43345614029353491     
  -3.2850000000000001       0.43265481931945682     
  -3.2749999999999999       0.43185251953588066     
  -3.2649999999999997       0.43104946936024219     
  -3.2549999999999999       0.43024586665685227     
  -3.2450000000000001       0.42944188354536011     
  -3.2349999999999999       0.42863767025601551     
  -3.2249999999999996       0.42783335849909282     
  -3.2149999999999999       0.42702906438742971     
  -3.2050000000000001       0.42622489077265202     
  -3.1950000000000003       0.42542092900161704     
  -3.1850000000000001       0.42461726032116148     
  -3.1749999999999998       0.42381395716143461     
  -3.1650000000000000       0.42301108430985934     
  -3.1550000000000002       0.42220870001334471     
  -3.1450000000000000       0.42140685669179434     
  -3.1349999999999998       0.42060560167903049     
  -3.1250000000000000       0.41980497788288634     
  -3.1150000000000002       0.41900502424494573     
  -3.1050000000000000       0.41820577607774068     
  -3.0949999999999998       0.41740726536387035     
  -3.0850000000000000       0.41660952109787902     
  -3.0750000000000002       0.41581256968419211     
  -3.0649999999999999       0.41501643530915483     
  -3.0549999999999997       0.41422114016530426     
  -3.0449999999999999       0.41342670454146169     
  -3.0350000000000001       0.41263314689441599     
  -3.0249999999999999       0.41184048402803658     
  -3.0149999999999997       0.41104873131832775     
  -3.0049999999999999       0.41025790288089342     
  -2.9950000000000001       0.40946801166960212     
  -2.9849999999999999       0.40867906952835592     
  -2.9750000000000001       0.40789108725775908     
  -2.9649999999999999       0.40710407471375154     
  -2.9550000000000001       0.40631804090587226     
  -2.9449999999999998       0.40553299406417681     
  -2.9350000000000001       0.40474894168000491     
  -2.9249999999999998       0.40396589055805676     
  -2.9150000000000000       0.40318384690358849     
  -2.9049999999999998       0.40240281647004233     
  -2.8950000000000000       0.40162280449622106     
  -2.8849999999999998       0.40084381566263816     
  -2.8750000000000000       0.40006585428295116     
  -2.8649999999999998       0.39928892417494172     
  -2.8550000000000000       0.39851302867277255     
  -2.8449999999999998       0.39773817063136008     
  -2.8350000000000000       0.39696435240137462     
  -2.8249999999999997       0.39619157590314047     
  -2.8149999999999999       0.39541984280459497     
  -2.8050000000000002       0.39464915452322868     
  -2.7949999999999999       0.39387951223731660     
  -2.7850000000000001       0.39311091689045163     
  -2.7749999999999999       0.39234336919171070     
  -2.7650000000000001       0.39157686961768839     
  -2.7549999999999999       0.39081141841478889     
  -2.7450000000000001       0.39004701560750155     
  -2.7349999999999999       0.38928366102171691     
  -2.7250000000000001       0.38852135432252616     
  -2.7149999999999999       0.38776009505382730     
  -2.7050000000000001       0.38699988266556601     
  -2.6949999999999998       0.38624071652400388     
  -2.6850000000000001       0.38548259591194189     
  -2.6749999999999998       0.38472552003205179     
  -2.6650000000000000       0.38396948802378289     
  -2.6549999999999998       0.38321449899391896     
  -2.6450000000000000       0.38246055205094903     
  -2.6349999999999998       0.38170764633261917     
  -2.6250000000000000       0.38095578102346472     
  -2.6149999999999998       0.38020495536588506     
  -2.6050000000000000       0.37945516866865558     
  -2.5949999999999998       0.37870642031366830     
  -2.5850000000000000       0.37795870976098001     
  -2.5749999999999997       0.37721203655520097     
  -2.5649999999999999       0.37646640033889001     
  -2.5550000000000002       0.37572180087700796     
  -2.5449999999999999       0.37497823809086223     
  -2.5350000000000001       0.37423571209463985     
  -2.5249999999999999       0.37349422322684078     
  -2.5150000000000001       0.37275377207303939     
  -2.5049999999999999       0.37201435948131789     
  -2.4950000000000001       0.37127598657330196     
  -2.4849999999999999       0.37053865475320436     
  -2.4750000000000001       0.36980236571582176     
  -2.4649999999999999       0.36906712146741322     
  -2.4550000000000001       0.36833292429801467     
  -2.4449999999999998       0.36759977682579220     
  -2.4350000000000001       0.36686768205432213     
  -2.4249999999999998       0.36613664330315010     
  -2.4150000000000000       0.36540666420019580     
  -2.4049999999999998       0.36467774870882425     
  -2.3950000000000000       0.36394990116200870     
  -2.3849999999999998       0.36322312632898163     
  -2.3750000000000000       0.36249742947553626     
  -2.3649999999999998       0.36177281632482977     
  -2.3550000000000000       0.36104929307739769     
  -2.3449999999999998       0.36032686600952551     
  -2.3350000000000000       0.35960554077025025     
  -2.3249999999999997       0.35888532222769459     
  -2.3149999999999999       0.35816621261365617     
  -2.3050000000000002       0.35744821107247010     
  -2.2949999999999999       0.35673131196856983     
  -2.2850000000000001       0.35601550275609339     
  -2.2749999999999999       0.35530076176329811     
  -2.2650000000000001       0.35458705629892467     
  -2.2549999999999999       0.35387434186459205     
  -2.2450000000000001       0.35316256387549533     
  -2.2349999999999999       0.35245166461384542     
  -2.2250000000000001       0.35174159996392645     
  -2.2149999999999999       0.35103237314935476     
  -2.2050000000000001       0.35032409836252998     
  -2.1949999999999998       0.34961710645144267     
  -2.1850000000000001       0.34891211818468509     
  -2.1749999999999998       0.34821050451400154     
  -2.1650000000000000       0.34751465385769825     
  -2.1549999999999998       0.34682844969231708     
  -2.1450000000000000       0.34615783250278459     
  -2.1349999999999998       0.34551135927163318     
  -2.1250000000000000       0.34490058156407027     
  -2.1149999999999998       0.34434024168758265     
  -2.1050000000000000       0.34384696351747879     
  -2.0949999999999998       0.34343984267029232     
  -2.0850000000000000       0.34313331260222196     
  -2.0749999999999997       0.34294696043631084     
  -2.0649999999999999       0.34283199818983379     
  -2.0550000000000002       0.34276945609337567     
  -2.0449999999999999       0.34275610141142621     
  -2.0350000000000001       0.34275274544739659     
  -2.0249999999999999       0.34276646675051142     
  -2.0150000000000001       0.34284925552714296     
  -2.0049999999999999       0.34310791342177266     
  -1.9950000000000001       0.34346927432007407     
  -1.9849999999999999       0.34380931824540645     
  -1.9750000000000001       0.34407809569714415     
  -1.9649999999999999       0.34426989856645324     
  -1.9550000000000001       0.34440036299114851     
  -1.9449999999999998       0.34448833516317207     
  -1.9350000000000001       0.34454842501127153     
  -1.9249999999999998       0.34458984109510871     
  -1.9150000000000000       0.34461845368568861     
  -1.9049999999999998       0.34463878046175717     
  -1.8950000000000000       0.34465377457925112     
  -1.8849999999999998       0.34466507700488958     
  -1.8750000000000000       0.34467292161177004     
  -1.8649999999999998       0.34467769011808774     
  -1.8550000000000000       0.34467976962440749     
  -1.8449999999999998       0.34468133949495011     
  -1.8350000000000000       0.34468276311477025     
  -1.8249999999999997       0.34468381418166932     
  -1.8149999999999999       0.34468358325814391     
  -1.8049999999999997       0.34468259916008620     
  -1.7949999999999999       0.34467880984688243     
  -1.7850000000000001       0.34467192385079032     
  -1.7749999999999999       0.34466409958847027     
  -1.7650000000000001       0.34465667074506640     
  -1.7549999999999999       0.34464984297691575     
  -1.7450000000000001       0.34464357818650132     
  -1.7349999999999999       0.34463783472104037     
  -1.7250000000000001       0.34463242829108148     
  -1.7149999999999999       0.34462704217593138     
  -1.7050000000000001       0.34462136594582771     
  -1.6949999999999998       0.34461527267596309     
  -1.6850000000000001       0.34460883652146723     
  -1.6749999999999998       0.34460222891132369     
  -1.6650000000000000       0.34459558580994726     
  -1.6549999999999998       0.34458899550917299     
  -1.6450000000000000       0.34458256322663866     
  -1.6349999999999998       0.34457647747066633     
  -1.6250000000000000       0.34457094063898636     
  -1.6149999999999998       0.34456605906276105     
  -1.6050000000000000       0.34456180732373726     
  -1.5949999999999998       0.34455807541763789     
  -1.5850000000000000       0.34455475805868002     
  -1.5749999999999997       0.34455177325097114     
  -1.5649999999999999       0.34454905132887420     
  -1.5549999999999997       0.34454653243845473     
  -1.5449999999999999       0.34454421880138458     
  -1.5350000000000001       0.34454216215042682     
  -1.5249999999999999       0.34454044136094092     
  -1.5150000000000001       0.34453910987988495     
  -1.5049999999999999       0.34453815556100881     
  -1.4950000000000001       0.34453749253186428     
  -1.4849999999999999       0.34453697282493628     
  -1.4750000000000001       0.34453646959950340     
  -1.4649999999999999       0.34453595138951337     
  -1.4550000000000001       0.34453538020007346     
  -1.4449999999999998       0.34453474003294576     
  -1.4350000000000001       0.34453406426856298     
  -1.4249999999999998       0.34453342016425409     
  -1.4150000000000000       0.34453288275286420     
  -1.4049999999999998       0.34453251059779150     
  -1.3950000000000000       0.34453228191677049     
  -1.3849999999999998       0.34453220210009466     
  -1.3750000000000000       0.34453233327519445     
  -1.3649999999999998       0.34453264618656937     
  -1.3550000000000000       0.34453327057313943     
  -1.3449999999999998       0.34453459606231007     
  -1.3350000000000000       0.34453620587165207     
  -1.3249999999999997       0.34453777555974702     
  -1.3149999999999999       0.34453922706607121     
  -1.3049999999999997       0.34454055379436443     
  -1.2949999999999999       0.34454185936160658     
  -1.2850000000000001       0.34454323180136398     
  -1.2749999999999999       0.34454476030245990     
  -1.2650000000000001       0.34454650675049853     
  -1.2549999999999999       0.34454848395408488     
  -1.2450000000000001       0.34455064814272468     
  -1.2349999999999999       0.34455292089446132     
  -1.2250000000000001       0.34455521316204946     
  -1.2149999999999999       0.34455743647301490     
  -1.2050000000000001       0.34455951368152521     
  -1.1949999999999998       0.34456139478155617     
  -1.1850000000000001       0.34456309169427729     
  -1.1749999999999998       0.34456466195012886     
  -1.1650000000000000       0.34456619386453774     
  -1.1549999999999998       0.34456778798369242     
  -1.1450000000000000       0.34456953180404004     
  -1.1349999999999998       0.34457146976130182     
  -1.1250000000000000       0.34457356683675200     
  -1.1149999999999998       0.34457573471926978     
  -1.1050000000000000       0.34457785054657514     
  -1.0949999999999998       0.34457978368682340     
  -1.0850000000000000       0.34458142305449657     
  -1.0749999999999997       0.34458268674809456     
  -1.0649999999999999       0.34458357195032169     
  -1.0549999999999997       0.34458418740237690     
  -1.0449999999999999       0.34458462153774633     
  -1.0349999999999997       0.34458490765487465     
  -1.0249999999999999       0.34458509293722889     
  -1.0150000000000001       0.34458512755614440     
  -1.0049999999999999       0.34458503056000750     
 -0.99500000000000011       0.34458491324124291     
 -0.98500000000000032       0.34458473437175480     
 -0.97499999999999964       0.34458444530505461     
 -0.96499999999999986       0.34458410921303367     
 -0.95500000000000007       0.34458335920037336     
 -0.94500000000000028       0.34458202828254930     
 -0.93499999999999961       0.34458040448387095     
 -0.92499999999999982       0.34457871628346787     
 -0.91500000000000004       0.34457715565259533     
 -0.90500000000000025       0.34457582909086826     
 -0.89499999999999957       0.34457478205111353     
 -0.88499999999999979       0.34457398216175289     
 -0.87500000000000000       0.34457333008572905     
 -0.86500000000000021       0.34457271719457722     
 -0.85499999999999954       0.34457205062347690     
 -0.84499999999999975       0.34457127078264466     
 -0.83499999999999996       0.34457036450339523     
 -0.82500000000000018       0.34456938421762007     
 -0.81499999999999950       0.34456841206215144     
 -0.80499999999999972       0.34456753458018580     
 -0.79499999999999993       0.34456682721688608     
 -0.78500000000000014       0.34456632564262435     
 -0.77500000000000036       0.34456600338982685     
 -0.76499999999999968       0.34456580042703777     
 -0.75499999999999989       0.34456568037694241     
 -0.74500000000000011       0.34456559693269045     
 -0.73500000000000032       0.34456541192975204     
 -0.72499999999999964       0.34456493103209324     
 -0.71499999999999986       0.34456410741575078     
 -0.70500000000000007       0.34456306257514963     
 -0.69500000000000028       0.34456192983833628     
 -0.68499999999999961       0.34456081744574713     
 -0.67499999999999982       0.34455988564008866     
 -0.66500000000000004       0.34455919918314121     
 -0.65500000000000025       0.34455875364111876     
 -0.64499999999999957       0.34455851229371576     
 -0.63499999999999979       0.34455840799128268     
 -0.62500000000000000       0.34455856088508652     
 -0.61500000000000021       0.34455885245179468     
 -0.60499999999999954       0.34455920636515508     
 -0.59499999999999975       0.34455954795286153     
 -0.58499999999999996       0.34455982044687233     
 -0.57500000000000018       0.34456007554900531     
 -0.56499999999999950       0.34456032713228008     
 -0.55499999999999972       0.34456055790885753     
 -0.54499999999999993       0.34456087887490211     
 -0.53500000000000014       0.34456130068857255     
 -0.52499999999999947       0.34456175557331720     
 -0.51499999999999968       0.34456220009944255     
 -0.50499999999999989       0.34456256421890002     
 -0.49500000000000011       0.34456281533107674     
 -0.48500000000000032       0.34456294764493522     
 -0.47499999999999964       0.34456298887290487     
 -0.46499999999999986       0.34456298806079588     
 -0.45500000000000007       0.34456293163529733     
 -0.44500000000000028       0.34456287781094136     
 -0.43499999999999961       0.34456289797986295     
 -0.42499999999999982       0.34456303801526111     
 -0.41500000000000004       0.34456328466138592     
 -0.40500000000000025       0.34456375212075224     
 -0.39499999999999957       0.34456457199107610     
 -0.38499999999999979       0.34456549896326433     
 -0.37500000000000000       0.34456635371802546     
 -0.36500000000000021       0.34456707436590794     
 -0.35499999999999954       0.34456763184102779     
 -0.34499999999999975       0.34456809413311373     
 -0.33499999999999996       0.34456854234875428     
 -0.32500000000000018       0.34456906141433286     
 -0.31499999999999950       0.34456970184560171     
 -0.30499999999999972       0.34457045533019276     
 -0.29499999999999993       0.34457125913745806     
 -0.28500000000000014       0.34457202004666704     
 -0.27499999999999947       0.34457266285720284     
 -0.26499999999999968       0.34457314893089236     
 -0.25499999999999989       0.34457344297913611     
 -0.24500000000000011       0.34457361802522629     
 -0.23500000000000032       0.34457356837435643     
 -0.22499999999999964       0.34457332603075458     
 -0.21499999999999986       0.34457302211320795     
 -0.20500000000000007       0.34457269400251622     
 -0.19500000000000028       0.34457245522936281     
 -0.18499999999999961       0.34457228580035099     
 -0.17499999999999982       0.34457224522795266     
 -0.16500000000000004       0.34457242789014048     
 -0.15500000000000025       0.34457264343215233     
 -0.14499999999999957       0.34457289947497149     
 -0.13499999999999979       0.34457307696469081     
 -0.12500000000000000       0.34457316453141140     
 -0.11500000000000021       0.34457316840699681     
 -0.10499999999999954       0.34457310851843553     
  -9.4999999999999751E-002  0.34457295475570299     
  -8.4999999999999964E-002  0.34457279258824580     
  -7.5000000000000178E-002  0.34457262105043357     
  -6.4999999999999503E-002  0.34457245812981241     
  -5.4999999999999716E-002  0.34457229963460140     
  -4.4999999999999929E-002  0.34457209537674172     
  -3.5000000000000142E-002  0.34457177675079603     
  -2.4999999999999467E-002  0.34457141383242645     
  -1.4999999999999680E-002  0.34457066791142532     
  -4.9999999999998934E-003  0.34456962231478278     
   4.9999999999998934E-003  0.34456847957080977     
   1.4999999999999680E-002  0.34456738027374839     
   2.5000000000000355E-002  0.34456646550087483     
   3.5000000000000142E-002  0.34456581305160311     
   4.4999999999999929E-002  0.34456543011857604     
   5.4999999999999716E-002  0.34456522908509157     
   6.5000000000000391E-002  0.34456519613919484     
   7.5000000000000178E-002  0.34456516841128937     
   8.4999999999999964E-002  0.34456524027481777     
   9.4999999999999751E-002  0.34456531984417604     
  0.10500000000000043       0.34456532258183020     
  0.11500000000000021       0.34456527841703227     
  0.12500000000000000       0.34456521591893291     
  0.13499999999999979       0.34456516533892306     
  0.14500000000000046       0.34456516686615085     
  0.15500000000000025       0.34456523066036437     
  0.16500000000000004       0.34456535597786764     
  0.17499999999999982       0.34456549875580350     
  0.18500000000000050       0.34456565447747084     
  0.19500000000000028       0.34456579311937946     
  0.20500000000000007       0.34456583530445090     
  0.21499999999999986       0.34456564467480838     
  0.22500000000000053       0.34456517196884501     
  0.23500000000000032       0.34456451198933041     
  0.24500000000000011       0.34456379412375432     
  0.25499999999999989       0.34456322413927626     
  0.26499999999999968       0.34456269534780043     
  0.27500000000000036       0.34456237037725840     
  0.28500000000000014       0.34456218149689949     
  0.29499999999999993       0.34456211813799181     
  0.30499999999999972       0.34456236157312237     
  0.31500000000000039       0.34456281255617438     
  0.32500000000000018       0.34456339000868669     
  0.33499999999999996       0.34456394853903777     
  0.34499999999999975       0.34456446319162920     
  0.35500000000000043       0.34456494122270609     
  0.36500000000000021       0.34456538604136266     
  0.37500000000000000       0.34456583837611832     
  0.38499999999999979       0.34456630339819072     
  0.39500000000000046       0.34456674340912435     
  0.40500000000000025       0.34456711523613476     
  0.41500000000000004       0.34456736435369018     
  0.42499999999999982       0.34456747146714778     
  0.43500000000000050       0.34456745647368953     
  0.44500000000000028       0.34456728898682948     
  0.45500000000000007       0.34456708966348604     
  0.46499999999999986       0.34456660800904976     
  0.47500000000000053       0.34456604891358911     
  0.48500000000000032       0.34456562251135131     
  0.49500000000000011       0.34456539698283978     
  0.50499999999999989       0.34456532719077443     
  0.51499999999999968       0.34456547235161455     
  0.52500000000000036       0.34456566829525920     
  0.53500000000000014       0.34456613385128393     
  0.54499999999999993       0.34456688993472467     
  0.55499999999999972       0.34456764052476663     
  0.56500000000000039       0.34456820719790521     
  0.57500000000000018       0.34456858635390358     
  0.58499999999999996       0.34456882610911621     
  0.59499999999999975       0.34456902029154718     
  0.60500000000000043       0.34456923962507702     
  0.61500000000000021       0.34456952428698617     
  0.62500000000000000       0.34456987092219565     
  0.63499999999999979       0.34457020454308279     
  0.64500000000000046       0.34457055433319245     
  0.65500000000000025       0.34457079704462656     
  0.66500000000000004       0.34457092273930373     
  0.67499999999999982       0.34457092309253495     
  0.68500000000000050       0.34457063520705300     
  0.69500000000000028       0.34456999375499792     
  0.70500000000000007       0.34456912225363651     
  0.71499999999999986       0.34456835248926737     
  0.72500000000000053       0.34456780624690769     
  0.73500000000000032       0.34456741641637323     
  0.74500000000000011       0.34456725232493707     
  0.75499999999999989       0.34456719646965522     
  0.76499999999999968       0.34456736714993857     
  0.77500000000000036       0.34456769134194748     
  0.78500000000000014       0.34456799505283336     
  0.79499999999999993       0.34456828014391566     
  0.80499999999999972       0.34456845989137275     
  0.81500000000000039       0.34456857152856762     
  0.82500000000000018       0.34456862469186994     
  0.83499999999999996       0.34456868496315729     
  0.84499999999999975       0.34456871972706821     
  0.85500000000000043       0.34456875512652035     
  0.86500000000000021       0.34456881535298955     
  0.87500000000000000       0.34456883614369388     
  0.88499999999999979       0.34456877704511868     
  0.89500000000000046       0.34456859430082898     
  0.90500000000000025       0.34456831949299782     
  0.91500000000000004       0.34456773208654884     
  0.92499999999999982       0.34456680098436016     
  0.93500000000000050       0.34456581957399518     
  0.94500000000000028       0.34456500407680229     
  0.95500000000000007       0.34456448749651253     
  0.96499999999999986       0.34456423815315773     
  0.97500000000000053       0.34456418866795890     
  0.98500000000000032       0.34456429965229357     
  0.99500000000000011       0.34456452273970634     
   1.0049999999999999       0.34456500103237525     
   1.0150000000000006       0.34456546368487101     
   1.0250000000000004       0.34456576396161526     
   1.0350000000000001       0.34456591870624137     
   1.0449999999999999       0.34456596071142725     
   1.0549999999999997       0.34456594597653045     
   1.0650000000000004       0.34456594399551016     
   1.0750000000000002       0.34456601262729913     
   1.0850000000000000       0.34456617258857308     
   1.0949999999999998       0.34456641297837404     
   1.1050000000000004       0.34456666632423660     
   1.1150000000000002       0.34456690575495358     
   1.1250000000000000       0.34456701622489699     
   1.1349999999999998       0.34456697251261509     
   1.1450000000000005       0.34456672835404745     
   1.1550000000000002       0.34456607478543305     
   1.1650000000000000       0.34456514735444244     
   1.1749999999999998       0.34456426596568873     
   1.1850000000000005       0.34456366657613269     
   1.1950000000000003       0.34456327428165917     
   1.2050000000000001       0.34456312807849304     
   1.2149999999999999       0.34456311023093433     
   1.2250000000000005       0.34456354851821747     
   1.2350000000000003       0.34456425050846629     
   1.2450000000000001       0.34456495766006445     
   1.2549999999999999       0.34456544829502472     
   1.2650000000000006       0.34456579268109566     
   1.2750000000000004       0.34456605580618499     
   1.2850000000000001       0.34456628190950345     
   1.2949999999999999       0.34456648916099591     
   1.3049999999999997       0.34456672041543857     
   1.3150000000000004       0.34456699057676099     
   1.3250000000000002       0.34456725429470980     
   1.3350000000000000       0.34456740398042024     
   1.3449999999999998       0.34456742245286026     
   1.3550000000000004       0.34456729141182346     
   1.3650000000000002       0.34456694019181722     
   1.3750000000000000       0.34456649587278854     
   1.3849999999999998       0.34456555719411658     
   1.3950000000000005       0.34456451613431488     
   1.4050000000000002       0.34456367480148686     
   1.4150000000000000       0.34456308786013895     
   1.4249999999999998       0.34456278006958341     
   1.4350000000000005       0.34456275807295672     
   1.4450000000000003       0.34456295459009439     
   1.4550000000000001       0.34456358755201982     
   1.4649999999999999       0.34456429686594764     
   1.4750000000000005       0.34456475021385113     
   1.4850000000000003       0.34456491185862720     
   1.4950000000000001       0.34456493629650248     
   1.5049999999999999       0.34456488617425585     
   1.5150000000000006       0.34456460574631848     
   1.5250000000000004       0.34456412035604406     
   1.5350000000000001       0.34456377105783048     
   1.5449999999999999       0.34456384834775888     
   1.5549999999999997       0.34456368212503979     
   1.5650000000000004       0.34456334884893525     
   1.5750000000000002       0.34456311304369858     
   1.5850000000000000       0.34456337198579295     
   1.5949999999999998       0.34456388038323588     
   1.6050000000000004       0.34456314240007208     
   1.6150000000000002       0.34456117871103836     
   1.6250000000000000       0.34456192034280431     
   1.6349999999999998       0.34456487474131342     
   1.6450000000000005       0.34456565745409257     
   1.6550000000000002       0.34456286803040181     
   1.6650000000000000       0.34456927162950501     
   1.6749999999999998       0.34458229647976785     
   1.6850000000000005       0.34459037995265995     
   1.6950000000000003       0.34458897194960486     
   1.7050000000000001       0.34460361948584728     
   1.7149999999999999       0.34463283314594267     
   1.7250000000000005       0.34465518399890366     
   1.7350000000000003       0.34465907847451027     
   1.7450000000000001       0.34468531071533443     
   1.7549999999999999       0.34474364516562855     
   1.7650000000000006       0.34479999588002536     
   1.7750000000000004       0.34482381279165036     
   1.7850000000000001       0.34486217595632346     
   1.7949999999999999       0.34497452920460708     
   1.8049999999999997       0.34510586818440098     
   1.8150000000000004       0.34517435662148227     
   1.8250000000000002       0.34523032094367384     
   1.8350000000000000       0.34544350176648403     
   1.8449999999999998       0.34575114648011956     
   1.8550000000000004       0.34596534143712715     
   1.8650000000000002       0.34630324707233751     
   1.8750000000000000       0.34718420051052729     
   1.8849999999999998       0.34867038619636248     
   1.8950000000000005       0.35078206324606936     
   1.9050000000000002       0.35477457587706557     
   1.9150000000000000       0.36274678101664698     
   1.9249999999999998       0.37566026271492059     
   1.9350000000000005       0.39818836079180603     
   1.9450000000000003       0.43190945942525510     
   1.9550000000000001       0.47971123050682468     
   1.9649999999999999       0.54373157297890895     
   1.9750000000000005       0.62546678443429449     
   1.9850000000000003       0.72479394156939658     
   1.9950000000000001       0.83950190471474173     
   2.0049999999999999       0.96442904622395875     
   2.0150000000000006        1.0903595058233577     
   2.0250000000000004        1.2011360310369670     
   2.0350000000000001        1.2663095525962442     
   2.0449999999999999        1.2900769552472797     
   2.0549999999999997        1.2984712820491831     
   2.0650000000000004        1.3018344727436977     
   2.0750000000000002        1.3034492193647482     
   2.0850000000000000        1.3044293920898042     
   2.0949999999999998        1.3052600626562134     
   2.1050000000000004        1.3056992102041376     
   2.1150000000000002        1.3057564962442183     
   2.1250000000000000        1.3056886790233559     
   2.1349999999999998        1.3054376321053214     
   2.1450000000000005        1.3049315070607630     
   2.1550000000000002        1.3042290360104845     
   2.1650000000000000        1.3036006316705362     
   2.1749999999999998        1.3033519187247498     
   2.1850000000000005        1.3032917018167527     
   2.1950000000000003        1.3032909702144659     
   2.2050000000000001        1.3034268537993190     
   2.2149999999999999        1.3037908956100939     
   2.2250000000000005        1.3041819936526724     
   2.2350000000000003        1.3043483654954418     
   2.2450000000000001        1.3044061513787029     
   2.2549999999999999        1.3044312418514836     
   2.2650000000000006        1.3043834219810950     
   2.2750000000000004        1.3041893800822082     
   2.2850000000000001        1.3039722423972726     
   2.2949999999999999        1.3038860491300872     
   2.3049999999999997        1.3038516411703258     
   2.3150000000000004        1.3038334571839327     
   2.3250000000000002        1.3038639944481427     
   2.3350000000000000        1.3039865689561521     
   2.3449999999999998        1.3041067558422179     
   2.3550000000000004        1.3041534877259688     
   2.3650000000000002        1.3041771255277044     
   2.3750000000000000        1.3041935411263934     
   2.3849999999999998        1.3041793271934907     
   2.3950000000000005        1.3041105510917959     
   2.4050000000000002        1.3040558149808730     
   2.4150000000000000        1.3040394855290751     
   2.4249999999999998        1.3040292041344699     
   2.4350000000000005        1.3040203603533818     
   2.4450000000000003        1.3040326285386126     
   2.4550000000000001        1.3040657492788765     
   2.4649999999999999        1.3040718422789548     
   2.4750000000000005        1.3040657350175666     
   2.4850000000000003        1.3040598678859718     
   2.4950000000000001        1.3040516621993292     
   2.5049999999999999        1.3040294494836531     
   2.5150000000000006        1.3040070532638766     
   2.5250000000000004        1.3040154253576268     
   2.5350000000000001        1.3040348679019227     
   2.5449999999999999        1.3040578504457245     
   2.5549999999999997        1.3040804718818404     
   2.5650000000000004        1.3041088756501567     
   2.5750000000000002        1.3041322782194553     
   2.5850000000000000        1.3041311790080587     
   2.5949999999999998        1.3041189282706893     
   2.6050000000000004        1.3040960933866237     
   2.6150000000000002        1.3040690878754557     
   2.6250000000000000        1.3040402837422973     
   2.6349999999999998        1.3040197763997807     
   2.6450000000000005        1.3040178691312401     
   2.6550000000000002        1.3040237653375084     
   2.6650000000000000        1.3040395487635044     
   2.6749999999999998        1.3040659745726524     
   2.6850000000000005        1.3040979822556655     
   2.6950000000000003        1.3041221853623925     
   2.7050000000000001        1.3041288436496761     
   2.7149999999999999        1.3041296191554144     
   2.7250000000000005        1.3041267832451080     
   2.7350000000000003        1.3041156515252232     
   2.7450000000000001        1.3040943695415776     
   2.7549999999999999        1.3040753732746622     
   2.7650000000000006        1.3040678663753840     
   2.7750000000000004        1.3040652777457515     
   2.7850000000000001        1.3040645357033902     
   2.7949999999999999        1.3040688788643484     
   2.8050000000000006        1.3040818716699751     
   2.8150000000000004        1.3040967216619408     
   2.8250000000000002        1.3041049985275255     
   2.8350000000000000        1.3041097053218018     
   2.8449999999999998        1.3041125506562063     
   2.8550000000000004        1.3041138011918874     
   2.8650000000000002        1.3041109737338064     
   2.8750000000000000        1.3041055020801160     
   2.8849999999999998        1.3041028252414082     
   2.8950000000000005        1.3041002077044719     
   2.9050000000000002        1.3040968209891688     
   2.9150000000000000        1.3040938922306928     
   2.9249999999999998        1.3040911389384986     
   2.9350000000000005        1.3040892412593281     
   2.9450000000000003        1.3040877885096667     
   2.9550000000000001        1.3040864379600305     
   2.9649999999999999        1.3040851569949510     
   2.9750000000000005        1.3040828343709807     
   2.9850000000000003        1.3040801425531472     
   2.9950000000000001        1.3040807651421098     
   3.0050000000000008        1.3040828167252223     
   3.0150000000000006        1.3040852765629569     
   3.0250000000000004        1.3040870546073495     
   3.0350000000000001        1.3040885736978822     
   3.0449999999999999        1.3040894500846441     
   3.0549999999999997        1.3040890578144060     
   3.0649999999999995        1.3040877188795579     
   3.0749999999999993        1.3040861290211998     
   3.0850000000000009        1.3040849045503138     
   3.0950000000000006        1.3040846452232213     
   3.1050000000000004        1.3040858873980847     
   3.1150000000000002        1.3040897698529494     
   3.1250000000000000        1.3040961473961252     
   3.1349999999999998        1.3040999931355435     
   3.1449999999999996        1.3041015031893117     
   3.1549999999999994        1.3040978788303079     
   3.1650000000000009        1.3040632715316405     
   3.1750000000000007        1.3038885195557690     
   3.1850000000000005        1.3031048517089514     
   3.1950000000000003        1.2996686383280824     
   3.2050000000000001        1.2846563943471703     
   3.2149999999999999        1.2205472902223142     
   3.2249999999999996       0.97696330880335924     
   3.2349999999999994       0.60667458367720228     
   3.2450000000000010       0.50966746763172388     
   3.2550000000000008       0.50072492152689707     
   3.2650000000000006       0.50005189277020190     
   3.2750000000000004       0.50000365756795617     
   3.2850000000000001       0.50000025654525515     
   3.2949999999999999       0.50000001797354099     
   3.3049999999999997       0.50000000125889099     
   3.3149999999999995       0.50000000008816681     
   3.3249999999999993       0.50000000000617439     
   3.3350000000000009       0.50000000000043221     
   3.3450000000000006       0.50000000000003031     
   3.3550000000000004       0.50000000000000200     
   3.3650000000000002       0.50000000000000000     
   3.3750000000000000       0.50000000000000000     
   3.3849999999999998       0.50000000000000000     
   3.3949999999999996       0.50000000000000000     
   3.4049999999999994       0.50000000000000000     
   3.4150000000000009       0.50000000000000000     
   3.4250000000000007       0.50000000000000000     
   3.4350000000000005       0.50000000000000000     
   3.4450000000000003       0.50000000000000000     
   3.4550000000000001       0.50000000000000000     
   3.4649999999999999       0.50000000000000000     
   3.4749999999999996       0.50000000000000000     
   3.4849999999999994       0.50000000000000000     
   3.4950000000000010       0.50000000000000000     
   3.5050000000000008       0.50000000000000000     
   3.5150000000000006       0.50000000000000000     
   3.5250000000000004       0.50000000000000000     
   3.5350000000000001       0.50000000000000000     
   3.5449999999999999       0.50000000000000000     
   3.5549999999999997       0.50000000000000000     
   3.5649999999999995       0.50000000000000000     
   3.5750000000000011       0.50000000000000000     
   3.5850000000000009       0.50000000000000000     
   3.5950000000000006       0.50000000000000000     
   3.6050000000000004       0.50000000000000000     
   3.6150000000000002       0.50000000000000000     
   3.6250000000000000       0.50000000000000000     
   3.6349999999999998       0.50000000000000000     
   3.6449999999999996       0.50000000000000000     
   3.6549999999999994       0.50000000000000000     
   3.6650000000000009       0.50000000000000000     
   3.6750000000000007       0.50000000000000000     
   3.6850000000000005       0.50000000000000000     
   3.6950000000000003       0.50000000000000000     
   3.7050000000000001       0.50000000000000000     
   3.7149999999999999       0.50000000000000000     
   3.7249999999999996       0.50000000000000000     
   3.7349999999999994       0.50000000000000000     
   3.7450000000000010       0.50000000000000000     
   3.7550000000000008       0.50000000000000000     
   3.7650000000000006       0.50000000000000000     
   3.7750000000000004       0.50000000000000000     
   3.7850000000000001       0.50000000000000000     
   3.7949999999999999       0.50000000000000000     
   3.8049999999999997       0.50000000000000000     
   3.8149999999999995       0.50000000000000000     
   3.8250000000000011       0.50000000000000000     
   3.8350000000000009       0.50000000000000000     
   3.8450000000000006       0.50000000000000000     
   3.8550000000000004       0.50000000000000000     
   3.8650000000000002       0.50000000000000000     
   3.8750000000000000       0.50000000000000000     
   3.8849999999999998       0.50000000000000000     
   3.8949999999999996       0.50000000000000000     
   3.9049999999999994       0.50000000000000000     
   3.9150000000000009       0.50000000000000000     
   3.9250000000000007       0.50000000000000000     
   3.9350000000000005       0.50000000000000000     
   3.9450000000000003       0.50000000000000000     
   3.9550000000000001       0.50000000000000000     
   3.9649999999999999       0.50000000000000000     
   3.9749999999999996       0.50000000000000000     
   3.9849999999999994       0.50000000000000000     
   3.9950000000000010       0.50000000000000000     
   4.0050000000000008       0.50000000000000000     
   4.0150000000000006       0.50000000000000000     
   4.0250000000000004       0.50000000000000000     
   4.0350000000000001       0.50000000000000000     
   4.0449999999999999       0.50000000000000000     
   4.0549999999999997       0.50000000000000000     
   4.0649999999999995       0.50000000000000000     
   4.0750000000000011       0.50000000000000000     
   4.0850000000000009       0.50000000000000000     
   4.0950000000000006       0.50000000000000000     
   4.1050000000000004       0.50000000000000000     
   4.1150000000000002       0.50000000000000000     
   4.1250000000000000       0.50000000000000000     
   4.1349999999999998       0.50000000000000000     
   4.1449999999999996       0.50000000000000000     
   4.1549999999999994       0.50000000000000000     
   4.1650000000000009       0.50000000000000000     
   4.1750000000000007       0.50000000000000000     
   4.1850000000000005       0.50000000000000000     
   4.1950000000000003       0.50000000000000000     
   4.2050000000000001       0.50000000000000000     
   4.2149999999999999       0.50000000000000000     
   4.2249999999999996       0.50000000000000000     
   4.2349999999999994       0.50000000000000000     
   4.2450000000000010       0.50000000000000000     
   4.2550000000000008       0.50000000000000000     
   4.2650000000000006       0.50000000000000000     
   4.2750000000000004       0.50000000000000000     
   4.2850000000000001       0.50000000000000000     
   4.2949999999999999       0.50000000000000000     
   4.3049999999999997       0.50000000000000000     
   4.3149999999999995       0.50000000000000000     
   4.3250000000000011       0.50000000000000000     
   4.3350000000000009       0.50000000000000000     
   4.3450000000000006       0.50000000000000000     
   4.3550000000000004       0.50000000000000000     
   4.3650000000000002       0.50000000000000000     
   4.3750000000000000       0.50000000000000000     
   4.3849999999999998       0.50000000000000000     
   4.3949999999999996       0.50000000000000000     
   4.4049999999999994       0.50000000000000000     
   4.4150000000000009       0.50000000000000000     
   4.4250000000000007       0.50000000000000000     
   4.4350000000000005       0.50000000000000000     
   4.4450000000000003       0.50000000000000000     
   4.4550000000000001       0.50000000000000000     
   4.4649999999999999       0.50000000000000000     
   4.4749999999999996       0.50000000000000000     
   4.4849999999999994       0.50000000000000000     
   4.4950000000000010       0.50000000000000000     
   4.5050000000000008       0.50000000000000000     
   4.5150000000000006       0.50000000000000000     
   4.5250000000000004       0.50000000000000000     
   4.5350000000000001       0.50000000000000000     
   4.5449999999999999       0.50000000000000000     
   4.5549999999999997       0.50000000000000000     
   4.5649999999999995       0.50000000000000000     
   4.5750000000000011       0.50000000000000000     
   4.5850000000000009       0.50000000000000000     
   4.5950000000000006       0.50000000000000000     
   4.6050000000000004       0.50000000000000000     
   4.6150000000000002       0.50000000000000000     
   4.6250000000000000       0.50000000000000000     
   4.6349999999999998       0.50000000000000000     
   4.6449999999999996       0.50000000000000000     
   4.6549999999999994       0.50000000000000000     
   4.6650000000000009       0.50000000000000000     
   4.6750000000000007       0.50000000000000000     
   4.6850000000000005       0.50000000000000000     
   4.6950000000000003       0.50000000000000000     
   4.7050000000000001       0.50000000000000000     
   4.7149999999999999       0.50000000000000000     
   4.7249999999999996       0.50000000000000000     
   4.7349999999999994       0.50000000000000000     
   4.7450000000000010       0.50000000000000000     
   4.7550000000000008       0.50000000000000000     
   4.7650000000000006       0.50000000000000000     
   4.7750000000000004       0.50000000000000000     
   4.7850000000000001       0.50000000000000000     
   4.7949999999999999       0.50000000000000000     
   4.8049999999999997       0.50000000000000000     
   4.8149999999999995       0.50000000000000000     
   4.8250000000000011       0.50000000000000000     
   4.8350000000000009       0.50000000000000000     
   4.8450000000000006       0.50000000000000000     
   4.8550000000000004       0.50000000000000000     
   4.8650000000000002       0.50000000000000000     
   4.8750000000000000       0.50000000000000000     
   4.8849999999999998       0.50000000000000000     
   4.8949999999999996       0.50000000000000000     
   4.9049999999999994       0.50000000000000000     
   4.9150000000000009       0.50000000000000000     
   4.9250000000000007       0.50000000000000000     
   4.9350000000000005       0.50000000000000000     
   4.9450000000000003       0.50000000000000000     
   4.9550000000000001       0.50000000000000000     
   4.9649999999999999       0.50000000000000000     
   4.9749999999999996       0.50000000000000000     
   4.9849999999999994       0.50000000000000000     
   4.9950000000000010       0.50000000000000000     
