  -4.4824218750000000        3.8571430000000002     
  -4.4472656250000000        3.8571430000000002     
  -4.4121093750000000        3.8571430000000002     
  -4.3769531250000000        3.8571430000000002     
  -4.3417968750000000        3.8571430000000002     
  -4.3066406250000000        3.8571430000000002     
  -4.2714843750000000        3.8571430000000002     
  -4.2363281250000000        3.8571430000000002     
  -4.2011718750000000        3.8571430000000002     
  -4.1660156250000000        3.8571430000000002     
  -4.1308593750000000        3.8571430000000002     
  -4.0957031250000000        3.8571430000000002     
  -4.0605468750000000        3.8571430000000002     
  -4.0253906250000000        3.8571429999999958     
  -3.9902343750000000        3.8571429999999900     
  -3.9550781250000000        3.8571429999999842     
  -3.9199218750000000        3.8571429999999793     
  -3.8847656250000000        3.8571429999999727     
  -3.8496093750000000        3.8571429999999687     
  -3.8144531250000000        3.8571429999999651     
  -3.7792968750000000        3.8571429999999598     
  -3.7441406250000000        3.8571429999999540     
  -3.7089843750000000        3.8571429999999487     
  -3.6738281250000000        3.8571429999999425     
  -3.6386718750000000        3.8571429999999132     
  -3.6035156250000000        3.8571429999996787     
  -3.5683593750000000        3.8571429999981865     
  -3.5332031250000000        3.8571429999896938     
  -3.4980468750000000        3.8571429999454416     
  -3.4628906250000000        3.8571429997325457     
  -3.4277343750000000        3.8571429987823755     
  -3.3925781250000000        3.8571429948344953     
  -3.3574218750000000        3.8571429795183039     
  -3.3222656250000000        3.8571429238926118     
  -3.2871093750000000        3.8571427343567373     
  -3.2519531250000000        3.8571421273272359     
  -3.2167968750000000        3.8571402970746469     
  -3.1816406250000000        3.8571350952691499     
  -3.1464843750000000        3.8571211449765030     
  -3.1113281250000000        3.8570858156800667     
  -3.0761718750000000        3.8570012784417504     
  -3.0410156250000000        3.8568100794103084     
  -3.0058593750000000        3.8564012133825885     
  -2.9707031250000000        3.8555741685740035     
  -2.9355468750000000        3.8539901501958558     
  -2.9003906250000000        3.8511110689932355     
  -2.8652343750000000        3.8461212172755004     
  -2.8300781250000000        3.8377958317696685     
  -2.7949218750000000        3.8241917030619326     
  -2.7597656250000000        3.8024958747153268     
  -2.7246093750000000        3.7724867554723152     
  -2.6894531250000000        3.7495479503172553     
  -2.6542968750000000        3.7467626522894570     
  -2.6191406250000000        3.7517804086989748     
  -2.5839843750000000        3.7774585819528959     
  -2.5488281250000000        3.8534464575810277     
  -2.5136718750000000        3.9739995655719480     
  -2.4785156250000000        4.0310426207258123     
  -2.4433593750000000        4.0402354792791364     
  -2.4082031250000000        4.0399683737692884     
  -2.3730468750000000        4.0359496338868457     
  -2.3378906250000000        4.0255245809391562     
  -2.3027343750000000        4.0082898889878003     
  -2.2675781250000000        3.9879568972867623     
  -2.2324218750000000        3.9668384455468328     
  -2.1972656250000000        3.9457518695814318     
  -2.1621093750000000        3.9248050419679252     
  -2.1269531250000000        3.9039137105613446     
  -2.0917968750000000        3.8829979862514388     
  -2.0566406250000000        3.8620230452883093     
  -2.0214843750000000        3.8409985969090492     
  -1.9863281250000000        3.8199748070525068     
  -1.9511718750000000        3.7990374306450971     
  -1.9160156250000000        3.7782644405166210     
  -1.8808593750000000        3.7576142229450529     
  -1.8457031250000000        3.7366947560339749     
  -1.8105468750000000        3.7144299837047554     
  -1.7753906250000000        3.6894003348870665     
  -1.7402343750000000        3.6641429376800825     
  -1.7050781250000000        3.6515063595667563     
  -1.6699218750000000        3.6502657513058967     
  -1.6347656250000000        3.6534093510578782     
  -1.5996093750000000        3.6699706307406466     
  -1.5644531250000000        3.7260651945284118     
  -1.5292968750000000        3.8633870582457699     
  -1.4941406250000000        4.0041202624817123     
  -1.4589843750000000        4.0451529510300537     
  -1.4238281250000000        4.0509488584992424     
  -1.3886718750000000        4.0503946570888099     
  -1.3535156250000000        4.0462798224229504     
  -1.3183593750000000        4.0359800643772346     
  -1.2832031250000000        4.0185315891892133     
  -1.2480468750000000        3.9969139323470109     
  -1.2128906250000000        3.9736589801947457     
  -1.1777343750000000        3.9501819112106484     
  -1.1425781250000000        3.9270653749963316     
  -1.1074218750000000        3.9043447584172699     
  -1.0722656250000000        3.8817679143180381     
  -1.0371093750000000        3.8590007210382029     
  -1.0019531250000000        3.8357801266926437     
 -0.96679687500000000        3.8119544391870122     
 -0.93164062500000000        3.7875552799400727     
 -0.89648437500000000        3.7629116162143372     
 -0.86132812500000000        3.7378264534666070     
 -0.82617187500000000        3.7123415786122131     
 -0.79101562500000000        3.6856552376791760     
 -0.75585937500000000        3.6534535703635558     
 -0.72070312500000000        3.6418682180280513     
 -0.68554687500000000        3.6410975311608298     
 -0.65039062500000000        3.6429574676789440     
 -0.61523437500000000        3.6521592455001799     
 -0.58007812500000000        3.6807280855725035     
 -0.54492187500000000        3.7564779837605395     
 -0.50976562500000000        3.9115173122267755     
 -0.47460937500000000        4.0205911738034290     
 -0.43945312500000000        4.0417148144549984     
 -0.40429687500000000        4.0480861007768549     
 -0.36914062500000000        4.0511728203232362     
 -0.33398437500000000        4.0515632329204712     
 -0.29882812500000000        4.0462340860053034     
 -0.26367187500000000        4.0333274178451441     
 -0.22851562500000000        4.0141854475804637     
 -0.19335937500000000        3.9907246854641545     
 -0.15820312500000000        3.9639536434337734     
 -0.12304687500000000        3.9354226392308007     
  -8.7890625000000000E-002   3.9066412597819391     
  -5.2734375000000000E-002   3.8784549359555638     
  -1.7578125000000000E-002   3.8508993559583118     
   1.7578125000000000E-002   3.8235045852105323     
   5.2734375000000000E-002   3.7958793231780898     
   8.7890625000000000E-002   3.7678240928780138     
  0.12304687500000000        3.7388084149573828     
  0.15820312500000000        3.7086191945676297     
  0.19335937500000000        3.6802221164963789     
  0.22851562500000000        3.6518979763437334     
  0.26367187500000000        3.6358893084420867     
  0.29882812500000000        3.6345053437421289     
  0.33398437500000000        3.6368743255841873     
  0.36914062500000000        3.6458785416580999     
  0.40429687500000000        3.6657591956086311     
  0.43945312500000000        3.7116985693401623     
  0.47460937500000000        3.8011501270574439     
  0.50976562500000000        3.9091292710360381     
  0.54492187500000000        3.9779582560987339     
  0.58007812500000000        4.0041102660818897     
  0.61523437500000000        4.0167563987169030     
  0.65039062500000000        4.0245864383588303     
  0.68554687500000000        4.0311764391623006     
  0.72070312500000000        4.0401089705704782     
  0.75585937500000000        4.0452557057484517     
  0.79101562500000000        4.0350533665769799     
  0.82617187500000000        4.0143823733499806     
  0.86132812500000000        3.9881494570904761     
  0.89648437500000000        3.9568221834484500     
  0.93164062500000000        3.9218837511151770     
  0.96679687500000000        3.8859604918839969     
   1.0019531250000000        3.8510381503105364     
   1.0371093750000000        3.8180045359656773     
   1.0722656250000000        3.7865235248908515     
   1.1074218750000000        3.7555324514362760     
   1.1425781250000000        3.7243839684249234     
   1.1777343750000000        3.6913505631526480     
   1.2128906250000000        3.6564725706075731     
   1.2480468750000000        3.6301924697683252     
   1.2832031250000000        3.6258244245386333     
   1.3183593750000000        3.6276825678251261     
   1.3535156250000000        3.6395795552532846     
   1.3886718750000000        3.6716928242349725     
   1.4238281250000000        3.7310739822835139     
   1.4589843750000000        3.8111062549153978     
   1.4941406250000000        3.8979140438929338     
   1.5292968750000000        3.9544651638548953     
   1.5644531250000000        3.9923202207611954     
   1.5996093750000000        4.0104966720789035     
   1.6347656250000000        4.0159794177697234     
   1.6699218750000000        4.0247348821794491     
   1.7050781250000000        4.0395277221322905     
   1.7402343750000000        4.0703125626907326     
   1.7753906250000000        4.1026895978110884     
   1.8105468750000000        4.1001958709917110     
   1.8457031250000000        4.0764547713080193     
   1.8808593750000000        4.0284825780825217     
   1.9160156250000000        3.9476832652276985     
   1.9511718750000000        3.8381806282587081     
   1.9863281250000000        3.7787887210811810     
   2.0214843750000000        3.7520740651609095     
   2.0566406250000000        3.7465724510013989     
   2.0917968750000000        3.7587911065092108     
   2.1269531250000000        3.8082402053574822     
   2.1621093750000000        3.8291039263151916     
   2.1972656250000000        3.8104582675519425     
   2.2324218750000000        3.7765443841407684     
   2.2675781250000000        3.6984516482325760     
   2.3027343750000000        3.5241301003977825     
   2.3378906250000000        3.2204989377080580     
   2.3730468750000000        2.7216750518127983     
   2.4082031250000000        1.7448120538573215     
   2.4433593750000000        1.0318785806654718     
   2.4785156250000000       0.96916305317055251     
   2.5136718750000000       0.99964437874565559     
   2.5488281250000000        1.0351591466018728     
   2.5839843750000000        1.0694669865649127     
   2.6191406250000000        1.1026283109207335     
   2.6542968750000000        1.1333938514213113     
   2.6894531250000000        1.1593915342452215     
   2.7246093750000000        1.1769807593605168     
   2.7597656250000000        1.1855514191180323     
   2.7949218750000000        1.1885732410038676     
   2.8300781250000000        1.1891646131860076     
   2.8652343750000000        1.1883627157193570     
   2.9003906250000000        1.1847528257583264     
   2.9355468750000000        1.1749393035230731     
   2.9707031250000000        1.1559417773457790     
   3.0058593750000000        1.1290239753982887     
   3.0410156250000000        1.0977510144366518     
   3.0761718750000000        1.0643450061456488     
   3.1113281250000000        1.0299561118491181     
   3.1464843750000000       0.99513705865591406     
   3.1816406250000000       0.96024100421692804     
   3.2167968750000000       0.92571881668164180     
   3.2519531250000000       0.89243105822162505     
   3.2871093750000000       0.86201883634786702     
   3.3222656250000000       0.83719112653074390     
   3.3574218750000000       0.82167221364070553     
   3.3925781250000000       0.81492022554051013     
   3.4277343750000000       0.81267311299684042     
   3.4628906250000000       0.81231214713591859     
   3.4980468750000000       0.81320766326716731     
   3.5332031250000000       0.81695811101126126     
   3.5683593750000000       0.82692717266982496     
   3.6035156250000000       0.84621654048336081     
   3.6386718750000000       0.87367499118535852     
   3.6738281250000000       0.90562313005548678     
   3.7089843750000000       0.93963603924814176     
   3.7441406250000000       0.97440503619163676     
   3.7792968750000000        1.0093129478422285     
   3.8144531250000000        1.0440122792255540     
   3.8496093750000000        1.0781025734996226     
   3.8847656250000000        1.1108221153059943     
   3.9199218750000000        1.1406666473816409     
   3.9550781250000000        1.1650058238735839     
   3.9902343750000000        1.1801175923278573     
   4.0253906250000000        1.1865513450489387     
   4.0605468750000000        1.1885833894842406     
   4.0957031250000000        1.1888363067072152     
   4.1308593750000000        1.1877544337008570     
   4.1660156250000000        1.1834475797426651     
   4.2011718750000000        1.1723753780238664     
   4.2363281250000000        1.1510096680733850     
   4.2714843750000000        1.1197243925378910     
   4.3066406250000000        1.0816891470661594     
   4.3417968750000000        1.0405623679871498     
   4.3769531250000000        1.0022782582101246     
   4.4121093750000000       0.97560743571484654     
   4.4472656250000000       0.96345552977060345     
   4.4824218750000000       0.96018660640968656     
