  -4.9749999999999996       0.44500000000000001     
  -4.9249999999999998       0.44500000000000001     
  -4.8750000000000000       0.44500000000000001     
  -4.8250000000000002       0.44499999999999978     
  -4.7750000000000004       0.44499999999999801     
  -4.7249999999999996       0.44499999999999190     
  -4.6749999999999998       0.44499999999997014     
  -4.6250000000000000       0.44499999999989631     
  -4.5750000000000002       0.44499999999965140     
  -4.5250000000000004       0.44499999999884793     
  -4.4749999999999996       0.44499999999624956     
  -4.4249999999999998       0.44499999998796996     
  -4.3750000000000000       0.44499999996200645     
  -4.3250000000000002       0.44499999988187439     
  -4.2750000000000004       0.44499999963852993     
  -4.2249999999999996       0.44499999891156433     
  -4.1749999999999998       0.44499999677559593     
  -4.1250000000000000       0.44499999060409628     
  -4.0750000000000002       0.44499997307167566     
  -4.0250000000000004       0.44499992410356420     
  -3.9749999999999996       0.44499978964051862     
  -3.9249999999999998       0.44499942660371872     
  -3.8750000000000000       0.44499846265597759     
  -3.8250000000000002       0.44499594450203422     
  -3.7749999999999999       0.44498946853643467     
  -3.7249999999999996       0.44497305828832734     
  -3.6749999999999998       0.44493203008255056     
  -3.6250000000000000       0.44483063093314384     
  -3.5750000000000002       0.44458217005352152     
  -3.5249999999999999       0.44397598292540091     
  -3.4749999999999996       0.44250893565643135     
  -3.4249999999999998       0.43997021964512756     
  -3.3750000000000000       0.43689315654438782     
  -3.3250000000000002       0.43354317873534787     
  -3.2749999999999999       0.43003753246811643     
  -3.2249999999999996       0.42643679633276371     
  -3.1749999999999998       0.42277635179990841     
  -3.1250000000000000       0.41907872382922373     
  -3.0750000000000002       0.41535935787704098     
  -3.0249999999999999       0.41162902494698600     
  -2.9750000000000001       0.40789535502502128     
  -2.9249999999999998       0.40416376629545231     
  -2.8750000000000000       0.40043806381289127     
  -2.8249999999999997       0.39672086379738286     
  -2.7749999999999999       0.39301387490132961     
  -2.7250000000000001       0.38931812864961429     
  -2.6749999999999998       0.38563419229841039     
  -2.6250000000000000       0.38196233515104971     
  -2.5749999999999997       0.37830285098503941     
  -2.5249999999999999       0.37465650799112965     
  -2.4749999999999996       0.37102518616408314     
  -2.4249999999999998       0.36741305040940447     
  -2.3750000000000000       0.36382847288904013     
  -2.3249999999999997       0.36028737003342920     
  -2.2749999999999999       0.35681797982847913     
  -2.2249999999999996       0.35346817219952031     
  -2.1749999999999998       0.35031565989302665     
  -2.1250000000000000       0.34746994714152502     
  -2.0749999999999997       0.34510027871613147     
  -2.0249999999999999       0.34333708879537683     
  -1.9749999999999996       0.34239275102614403     
  -1.9249999999999998       0.34177753790541732     
  -1.8750000000000000       0.34153721272318416     
  -1.8249999999999997       0.34153946133020852     
  -1.7749999999999999       0.34164281199873853     
  -1.7249999999999996       0.34214978083459863     
  -1.6749999999999998       0.34279628356473452     
  -1.6250000000000000       0.34328050196338128     
  -1.5749999999999997       0.34361459083567825     
  -1.5249999999999999       0.34386313437266081     
  -1.4749999999999996       0.34405909151920050     
  -1.4249999999999998       0.34420289554523786     
  -1.3750000000000000       0.34429835736904790     
  -1.3249999999999997       0.34437775377830077     
  -1.2749999999999999       0.34445106677240528     
  -1.2249999999999996       0.34451279646562000     
  -1.1749999999999998       0.34455939686472697     
  -1.1250000000000000       0.34459307035756526     
  -1.0749999999999997       0.34461815887647246     
  -1.0249999999999999       0.34464371455806136     
 -0.97499999999999964       0.34466546138256149     
 -0.92499999999999982       0.34467857540536806     
 -0.87500000000000000       0.34467795980346966     
 -0.82500000000000018       0.34467630116328446     
 -0.77499999999999947       0.34467993003665726     
 -0.72499999999999964       0.34468507052054309     
 -0.67499999999999982       0.34468799511919029     
 -0.62500000000000000       0.34468655594131198     
 -0.57500000000000018       0.34468320339425218     
 -0.52499999999999947       0.34467905460939380     
 -0.47499999999999964       0.34467552672540891     
 -0.42499999999999982       0.34467136889992833     
 -0.37500000000000000       0.34466573139051637     
 -0.32500000000000018       0.34465796705529544     
 -0.27499999999999947       0.34464887702435504     
 -0.22499999999999964       0.34464026189791580     
 -0.17499999999999982       0.34463254288698802     
 -0.12500000000000000       0.34462499188181561     
  -7.4999999999999289E-002  0.34461707423974136     
  -2.4999999999999467E-002  0.34461003407328544     
   2.5000000000000355E-002  0.34460485465055685     
   7.5000000000000178E-002  0.34460053592804901     
  0.12500000000000000       0.34459549953043261     
  0.17500000000000071       0.34458999735528612     
  0.22500000000000053       0.34458512286037074     
  0.27500000000000036       0.34458046748249971     
  0.32500000000000018       0.34457405629725263     
  0.37500000000000000       0.34456531931980838     
  0.42500000000000071       0.34455817660624732     
  0.47500000000000053       0.34455064432333216     
  0.52500000000000036       0.34454243207708496     
  0.57500000000000018       0.34453259770431938     
  0.62500000000000000       0.34452658075995107     
  0.67500000000000071       0.34452710654069074     
  0.72500000000000053       0.34453019702877863     
  0.77500000000000036       0.34452799688362901     
  0.82500000000000018       0.34451506196972398     
  0.87500000000000000       0.34451235422346055     
  0.92500000000000071       0.34452556593458766     
  0.97500000000000053       0.34452933214130682     
   1.0250000000000004       0.34449148672697993     
   1.0750000000000002       0.34446497147102861     
   1.1250000000000000       0.34451552130750329     
   1.1750000000000007       0.34456922322988581     
   1.2250000000000005       0.34450059704204916     
   1.2750000000000004       0.34436389077813351     
   1.3250000000000002       0.34455865646016132     
   1.3750000000000000       0.34504734218542166     
   1.4250000000000007       0.34521156429373051     
   1.4750000000000005       0.34492339057339344     
   1.5250000000000004       0.34586082407575769     
   1.5750000000000002       0.34761850982057180     
   1.6250000000000000       0.34897355648179423     
   1.6750000000000007       0.35160716973096640     
   1.7250000000000005       0.36005531226684040     
   1.7750000000000004       0.37628562744591026     
   1.8250000000000002       0.40477010780989997     
   1.8750000000000000       0.46369208506001014     
   1.9250000000000007       0.56008797511275110     
   1.9750000000000005       0.70302009159498990     
   2.0250000000000004       0.87953454268796827     
   2.0750000000000002        1.0644015519774912     
   2.1250000000000000        1.2091275999369577     
   2.1750000000000007        1.2726859755152271     
   2.2250000000000005        1.2965477952268973     
   2.2750000000000004        1.3050871126386550     
   2.3250000000000002        1.3076963049663923     
   2.3750000000000000        1.3083268158142221     
   2.4250000000000007        1.3084428655815599     
   2.4750000000000005        1.3081855208141209     
   2.5250000000000004        1.3070967371947855     
   2.5750000000000002        1.3048772620025550     
   2.6250000000000000        1.3029009099137208     
   2.6750000000000007        1.3022048535431212     
   2.7250000000000005        1.3019727922166180     
   2.7750000000000004        1.3019772232498732     
   2.8250000000000002        1.3026056611459149     
   2.8750000000000000        1.3039674608649616     
   2.9250000000000007        1.3047257297482799     
   2.9750000000000005        1.3049388541413267     
   3.0250000000000004        1.3047726957246775     
   3.0750000000000011        1.3022902606245406     
   3.1250000000000000        1.2898679661475156     
   3.1750000000000007        1.2366811343582025     
   3.2249999999999996        1.0282149287460094     
   3.2750000000000004       0.64232767452361084     
   3.3250000000000011       0.51375318426244265     
   3.3750000000000000       0.50104222816773636     
   3.4250000000000007       0.50007475479520458     
   3.4749999999999996       0.50000527947780649     
   3.5250000000000004       0.50000037085421178     
   3.5750000000000011       0.50000002601214633     
   3.6250000000000000       0.50000000182408488     
   3.6750000000000007       0.50000000012791845     
   3.7249999999999996       0.50000000000897116     
   3.7750000000000004       0.50000000000062916     
   3.8250000000000011       0.50000000000004408     
   3.8750000000000000       0.50000000000000300     
   3.9250000000000007       0.50000000000000011     
   3.9749999999999996       0.50000000000000000     
   4.0250000000000004       0.50000000000000000     
   4.0750000000000011       0.50000000000000000     
   4.1250000000000000       0.50000000000000000     
   4.1750000000000007       0.50000000000000000     
   4.2249999999999996       0.50000000000000000     
   4.2750000000000004       0.50000000000000000     
   4.3250000000000011       0.50000000000000000     
   4.3750000000000000       0.50000000000000000     
   4.4250000000000007       0.50000000000000000     
   4.4749999999999996       0.50000000000000000     
   4.5250000000000004       0.50000000000000000     
   4.5750000000000011       0.50000000000000000     
   4.6250000000000000       0.50000000000000000     
   4.6750000000000007       0.50000000000000000     
   4.7250000000000014       0.50000000000000000     
   4.7750000000000004       0.50000000000000000     
   4.8250000000000011       0.50000000000000000     
   4.8750000000000000       0.50000000000000000     
   4.9250000000000007       0.50000000000000000     
   4.9750000000000014       0.50000000000000000     
