   3.9062500000000000E-003   1.0000000000000000     
   1.1718750000000000E-002   1.0000000000000000     
   1.9531250000000000E-002   1.0000000000000000     
   2.7343750000000000E-002   1.0000000000000000     
   3.5156250000000000E-002   1.0000000000000000     
   4.2968750000000000E-002   1.0000000000000000     
   5.0781250000000000E-002   1.0000000000000000     
   5.8593750000000000E-002   1.0000000000000000     
   6.6406250000000000E-002   1.0000000000000000     
   7.4218750000000000E-002   1.0000000000000000     
   8.2031250000000000E-002   1.0000000000000000     
   8.9843750000000000E-002  0.99999999999999956     
   9.7656250000000000E-002  0.99999999999999367     
  0.10546875000000000       0.99999999999992950     
  0.11328125000000000       0.99999999999926992     
  0.12109375000000000       0.99999999999281497     
  0.12890625000000000       0.99999999994252164     
  0.13671875000000000       0.99999999972157527     
  0.14453125000000000       0.99999999887050250     
  0.15234375000000000       0.99999999562518449     
  0.16015625000000000       0.99999998354043995     
  0.16796875000000000       0.99999993984438718     
  0.17578125000000000       0.99999978664163658     
  0.18359375000000000       0.99999926653534121     
  0.19140625000000000       0.99999755874910257     
  0.19921875000000000       0.99999214176361673     
  0.20703125000000000       0.99997556345139227     
  0.21484375000000000       0.99992666689557641     
  0.22265625000000000       0.99978780995047345     
  0.23046875000000000       0.99940827810174870     
  0.23828125000000000       0.99840888033393960     
  0.24609375000000000       0.99586245238735582     
  0.25390625000000000       0.98950465380665042     
  0.26171875000000000       0.97607618658920747     
  0.26953125000000000       0.95795317987054085     
  0.27734375000000000       0.93756776911047224     
  0.28515625000000000       0.91603386527428654     
  0.29296875000000000       0.89394752453795423     
  0.30078125000000000       0.87164654893582538     
  0.30859375000000000       0.84933615103929305     
  0.31640625000000000       0.82714892191733613     
  0.32421875000000000       0.80517275933181987     
  0.33203125000000000       0.78346712414137754     
  0.33984375000000000       0.76207383351594371     
  0.34765625000000000       0.74102228732818043     
  0.35546875000000000       0.72033383511318261     
  0.36328125000000000       0.70002771906328676     
  0.37109375000000000       0.68011478238239764     
  0.37890625000000000       0.66059991494066106     
  0.38671875000000000       0.64149993915891268     
  0.39453125000000000       0.62280962501726878     
  0.40234375000000000       0.60452949640147380     
  0.41015625000000000       0.58666519092039615     
  0.41796875000000000       0.56920599923038928     
  0.42578125000000000       0.55214034667844014     
  0.43359375000000000       0.53546174126233625     
  0.44140625000000000       0.51915711076817228     
  0.44921875000000000       0.50321506807940075     
  0.45703125000000000       0.48761111247457789     
  0.46484375000000000       0.47240536600252497     
  0.47265625000000000       0.45757133175909165     
  0.48046875000000000       0.44382424604276133     
  0.48828125000000000       0.43175897095967836     
  0.49609375000000000       0.42538439694031255     
  0.50390625000000000       0.42432732566037751     
  0.51171875000000000       0.42749003077745912     
  0.51953125000000000       0.42737397362574198     
  0.52734375000000000       0.42621073712296526     
  0.53515625000000000       0.42609972641519117     
  0.54296875000000000       0.42557252888581254     
  0.55078125000000000       0.42577073533965099     
  0.55859375000000000       0.42543780925445179     
  0.56640625000000000       0.42562898599907512     
  0.57421875000000000       0.42551648673494896     
  0.58203125000000000       0.42571574396238282     
  0.58984375000000000       0.42556136526464045     
  0.59765625000000000       0.42581235537934831     
  0.60546875000000000       0.42553757182064161     
  0.61328125000000000       0.42575281620793959     
  0.62109375000000000       0.42548274198474867     
  0.62890625000000000       0.42541998352454119     
  0.63671875000000000       0.42474160700110741     
  0.64453125000000000       0.42341086824405821     
  0.65234375000000000       0.42027522150259028     
  0.66015625000000000       0.41446406586073037     
  0.66796875000000000       0.40326584162601797     
  0.67578125000000000       0.38391874542325533     
  0.68359375000000000       0.35390576210577945     
  0.69140625000000000       0.31783514138057767     
  0.69921875000000000       0.28435629802214729     
  0.70703125000000000       0.26769852615856399     
  0.71484375000000000       0.26321336001045731     
  0.72265625000000000       0.26246719040426808     
  0.73046875000000000       0.26233063529864542     
  0.73828125000000000       0.26277600866514755     
  0.74609375000000000       0.26366187317980228     
  0.75390625000000000       0.26494612920678001     
  0.76171875000000000       0.26552286429309541     
  0.76953125000000000       0.26560722817035326     
  0.77734375000000000       0.26572776466786113     
  0.78515625000000000       0.26552652664604376     
  0.79296875000000000       0.26572699276042722     
  0.80078125000000000       0.26534243568834309     
  0.80859375000000000       0.26591469665816886     
  0.81640625000000000       0.26483207835957673     
  0.82421875000000000       0.26583871712494384     
  0.83203125000000000       0.26319324898864299     
  0.83984375000000000       0.25742317852063318     
  0.84765625000000000       0.23242884627032259     
  0.85546875000000000       0.16942828665852427     
  0.86328125000000000       0.13118617491193357     
  0.87109375000000000       0.12563113588891592     
  0.87890625000000000       0.12506008826671897     
  0.88671875000000000       0.12500564130887520     
  0.89453125000000000       0.12500052751328358     
  0.90234375000000000       0.12500004924705346     
  0.91015625000000000       0.12500000459477534     
  0.91796875000000000       0.12500000042842743     
  0.92578125000000000       0.12500000003962836     
  0.93359375000000000       0.12500000000255510     
  0.94140625000000000       0.12500000000009995     
  0.94921875000000000       0.12500000000000375     
  0.95703125000000000       0.12500000000000014     
  0.96484375000000000       0.12500000000000000     
  0.97265625000000000       0.12500000000000000     
  0.98046875000000000       0.12500000000000000     
  0.98828125000000000       0.12500000000000000     
  0.99609375000000000       0.12500000000000000     
