  -4.9749999999999996       0.44500000000000001     
  -4.9249999999999998       0.44500000000000001     
  -4.8750000000000000       0.44500000000000001     
  -4.8250000000000002       0.44500000000000001     
  -4.7750000000000004       0.44500000000000001     
  -4.7249999999999996       0.44500000000000001     
  -4.6749999999999998       0.44499999999999990     
  -4.6250000000000000       0.44499999999999768     
  -4.5750000000000002       0.44499999999997747     
  -4.5250000000000004       0.44499999999981871     
  -4.4749999999999996       0.44499999999863110     
  -4.4249999999999998       0.44499999999059175     
  -4.3750000000000000       0.44499999995993772     
  -4.3250000000000002       0.44499999986961508     
  -4.2750000000000004       0.44499999959802977     
  -4.2249999999999996       0.44499999879198887     
  -4.1749999999999998       0.44499999643185029     
  -4.1250000000000000       0.44499998962985821     
  -4.0750000000000002       0.44499997035843664     
  -4.0250000000000004       0.44499991665644184     
  -3.9749999999999996       0.44499976953668646     
  -3.9249999999999998       0.44499937319934485     
  -3.8750000000000000       0.44499832302678549     
  -3.8250000000000002       0.44499558500683434     
  -3.7749999999999999       0.44498855618636091     
  -3.7249999999999996       0.44497077320920869     
  -3.6749999999999998       0.44492637218544456     
  -3.6250000000000000       0.44481674856427339     
  -3.5750000000000002       0.44454831526535316     
  -3.5249999999999999       0.44389420912781885     
  -3.4749999999999996       0.44232335780129378     
  -3.4249999999999998       0.43973012816677093     
  -3.3750000000000000       0.43663840447649599     
  -3.3250000000000002       0.43329027854824448     
  -3.2749999999999999       0.42979523561491617     
  -3.2249999999999996       0.42620981111618045     
  -3.1749999999999998       0.42256758303921299     
  -3.1250000000000000       0.41888996170084430     
  -3.0750000000000002       0.41519154710279288     
  -3.0249999999999999       0.41148260262582864     
  -2.9750000000000001       0.40777037193831900     
  -2.9249999999999998       0.40405995400163891     
  -2.8750000000000000       0.40035486121544578     
  -2.8249999999999997       0.39665742997210801     
  -2.7749999999999999       0.39296914244659281     
  -2.7250000000000001       0.38929087816524782     
  -2.6749999999999998       0.38562306673521524     
  -2.6250000000000000       0.38196590552165355     
  -2.5749999999999997       0.37831971255590741     
  -2.5249999999999999       0.37468532927841647     
  -2.4749999999999996       0.37106463222748726     
  -2.4249999999999998       0.36746242469485119     
  -2.3750000000000000       0.36388679941890073     
  -2.3249999999999997       0.36035545390613527     
  -2.2749999999999999       0.35689610433776603     
  -2.2249999999999996       0.35356152535072566     
  -2.1749999999999998       0.35042870136609511     
  -2.1250000000000000       0.34761592893327187     
  -2.0749999999999997       0.34528431011969501     
  -2.0249999999999999       0.34357204617402237     
  -1.9749999999999996       0.34265848956247086     
  -1.9249999999999998       0.34204202589893312     
  -1.8750000000000000       0.34183542999498023     
  -1.8249999999999997       0.34183323323598569     
  -1.7749999999999999       0.34192649386377033     
  -1.7249999999999996       0.34239543825048063     
  -1.6749999999999998       0.34299077942047623     
  -1.6250000000000000       0.34344651848224766     
  -1.5749999999999997       0.34377217858766285     
  -1.5249999999999999       0.34401234205283582     
  -1.4749999999999996       0.34418542453376294     
  -1.4249999999999998       0.34428420247979924     
  -1.3750000000000000       0.34433799030847245     
  -1.3249999999999997       0.34439494480013005     
  -1.2749999999999999       0.34444660567256252     
  -1.2249999999999996       0.34449607694251899     
  -1.1749999999999998       0.34454507023758157     
  -1.1250000000000000       0.34458863300701609     
  -1.0749999999999997       0.34462554900808340     
  -1.0249999999999999       0.34466209690312138     
 -0.97499999999999964       0.34468444904204537     
 -0.92499999999999982       0.34468350403188364     
 -0.87500000000000000       0.34466925921282998     
 -0.82500000000000018       0.34465967792145474     
 -0.77499999999999947       0.34465797204414600     
 -0.72499999999999964       0.34466233372985072     
 -0.67499999999999982       0.34466600590436225     
 -0.62500000000000000       0.34466660256562770     
 -0.57500000000000018       0.34466550199864815     
 -0.52499999999999947       0.34466344935920518     
 -0.47499999999999964       0.34466245391381795     
 -0.42499999999999982       0.34466104281341708     
 -0.37500000000000000       0.34465726688715598     
 -0.32500000000000018       0.34464908292425833     
 -0.27499999999999947       0.34463535775318438     
 -0.22499999999999964       0.34462148816449206     
 -0.17499999999999982       0.34461244258301299     
 -0.12500000000000000       0.34460506986671774     
  -7.4999999999999289E-002  0.34460269534888305     
  -2.4999999999999467E-002  0.34460163565595164     
   2.5000000000000355E-002  0.34460293200490527     
   7.5000000000000178E-002  0.34460321747367617     
  0.12500000000000000       0.34459944345462706     
  0.17500000000000071       0.34458944759828936     
  0.22500000000000053       0.34457934180306687     
  0.27500000000000036       0.34457158132833438     
  0.32500000000000018       0.34456443279862475     
  0.37500000000000000       0.34455808087224254     
  0.42500000000000071       0.34455355283322281     
  0.47500000000000053       0.34454846415717033     
  0.52500000000000036       0.34453849967861544     
  0.57500000000000018       0.34452527691488583     
  0.62500000000000000       0.34451608509309967     
  0.67500000000000071       0.34451532990824746     
  0.72500000000000053       0.34451772785412832     
  0.77500000000000036       0.34451240547141387     
  0.82500000000000018       0.34450817199427264     
  0.87500000000000000       0.34452035173328199     
  0.92500000000000071       0.34453607322120566     
  0.97500000000000053       0.34452600879181677     
   1.0250000000000004       0.34448228368613626     
   1.0750000000000002       0.34448509476904371     
   1.1250000000000000       0.34455588669553694     
   1.1750000000000007       0.34456782760237575     
   1.2250000000000005       0.34442298054436932     
   1.2750000000000004       0.34433780316534968     
   1.3250000000000002       0.34460456758191732     
   1.3750000000000000       0.34487108988350573     
   1.4250000000000007       0.34465875680368702     
   1.4750000000000005       0.34455227132063443     
   1.5250000000000004       0.34575907364894515     
   1.5750000000000002       0.34744118604670060     
   1.6250000000000000       0.34819211548279055     
   1.6750000000000007       0.35076195767233659     
   1.7250000000000005       0.35922239363879593     
   1.7750000000000004       0.37321106718755037     
   1.8250000000000002       0.39993183991795300     
   1.8750000000000000       0.45789327150408593     
   1.9250000000000007       0.55298449031565511     
   1.9750000000000005       0.70188510318363917     
   2.0250000000000004       0.88508418926180787     
   2.0750000000000002        1.0766540694740867     
   2.1250000000000000        1.2190147753822547     
   2.1750000000000007        1.2750603155302118     
   2.2250000000000005        1.2961618277033982     
   2.2750000000000004        1.3044163992115629     
   2.3250000000000002        1.3074430439246365     
   2.3750000000000000        1.3082289013632191     
   2.4250000000000007        1.3083161871495299     
   2.4750000000000005        1.3081110074561655     
   2.5250000000000004        1.3071973008648810     
   2.5750000000000002        1.3052942574386963     
   2.6250000000000000        1.3031081916575762     
   2.6750000000000007        1.3020241026149872     
   2.7250000000000005        1.3017785547683181     
   2.7750000000000004        1.3017949707747087     
   2.8250000000000002        1.3023129188263636     
   2.8750000000000000        1.3037107228823512     
   2.9250000000000007        1.3048619985575238     
   2.9750000000000005        1.3050958513829005     
   3.0250000000000004        1.3049141181922812     
   3.0750000000000011        1.3024405589277317     
   3.1250000000000000        1.2899622656911425     
   3.1750000000000007        1.2364034644588131     
   3.2249999999999996        1.0266239539950088     
   3.2750000000000004       0.64081741176272733     
   3.3250000000000011       0.51356553877672695     
   3.3750000000000000       0.50102811214907661     
   3.4250000000000007       0.50007370995121336     
   3.4749999999999996       0.50000520151019590     
   3.5250000000000004       0.50000036509613033     
   3.5750000000000011       0.50000002559074574     
   3.6250000000000000       0.50000000179339477     
   3.6750000000000007       0.50000000012562473     
   3.7249999999999996       0.50000000000836786     
   3.7750000000000004       0.50000000000030098     
   3.8250000000000011       0.50000000000000877     
   3.8750000000000000       0.50000000000000022     
   3.9250000000000007       0.50000000000000000     
   3.9749999999999996       0.50000000000000000     
   4.0250000000000004       0.50000000000000000     
   4.0750000000000011       0.50000000000000000     
   4.1250000000000000       0.50000000000000000     
   4.1750000000000007       0.50000000000000000     
   4.2249999999999996       0.50000000000000000     
   4.2750000000000004       0.50000000000000000     
   4.3250000000000011       0.50000000000000000     
   4.3750000000000000       0.50000000000000000     
   4.4250000000000007       0.50000000000000000     
   4.4749999999999996       0.50000000000000000     
   4.5250000000000004       0.50000000000000000     
   4.5750000000000011       0.50000000000000000     
   4.6250000000000000       0.50000000000000000     
   4.6750000000000007       0.50000000000000000     
   4.7250000000000014       0.50000000000000000     
   4.7750000000000004       0.50000000000000000     
   4.8250000000000011       0.50000000000000000     
   4.8750000000000000       0.50000000000000000     
   4.9250000000000007       0.50000000000000000     
   4.9750000000000014       0.50000000000000000     
