   1.2500000000000000E-003  0.14973974868283127     
   3.7499999999999999E-003  0.14974703867040026     
   6.2500000000000003E-003  0.14975757307833121     
   8.7500000000000008E-003  0.14977494194669108     
   1.1250000000000000E-002  0.14979849716091170     
   1.3750000000000000E-002  0.14982843943049534     
   1.6250000000000001E-002  0.14986453866345451     
   1.8749999999999999E-002  0.14990659867753070     
   2.1250000000000002E-002  0.14995432084178043     
   2.3750000000000000E-002  0.15000736897854430     
   2.6249999999999999E-002  0.15006539203193933     
   2.8750000000000001E-002  0.15012805170310381     
   3.1250000000000000E-002  0.15019504752338289     
   3.3750000000000002E-002  0.15026613010702736     
   3.6249999999999998E-002  0.15034109975094728     
   3.8750000000000000E-002  0.15041979822871285     
   4.1250000000000002E-002  0.15050210193571098     
   4.3750000000000004E-002  0.15058791546622524     
   4.6249999999999999E-002  0.15067716016244620     
   4.8750000000000002E-002  0.15076977764672903     
   5.1250000000000004E-002  0.15086572616426888     
   5.3749999999999999E-002  0.15096500454056258     
   5.6250000000000001E-002  0.15106765890072918     
   5.8750000000000004E-002  0.15117375715394701     
   6.1249999999999999E-002  0.15128333598107155     
   6.3750000000000001E-002  0.15139639568600297     
   6.6250000000000003E-002  0.15151295483518695     
   6.8750000000000006E-002  0.15163300468507435     
   7.1250000000000008E-002  0.15175653275646633     
   7.3749999999999996E-002  0.15188352438883537     
   7.6249999999999998E-002  0.15201395112955343     
   7.8750000000000001E-002  0.15214777413796926     
   8.1250000000000003E-002  0.15228494256461328     
   8.3750000000000005E-002  0.15242539161233529     
   8.6250000000000007E-002  0.15256904200770174     
   8.8749999999999996E-002  0.15271580236454765     
   9.1249999999999998E-002  0.15286556793221384     
   9.3750000000000000E-002  0.15301822859301342     
   9.6250000000000002E-002  0.15317366643409680     
   9.8750000000000004E-002  0.15333176265865248     
  0.10125000000000001       0.15349239838944165     
  0.10375000000000001       0.15365545966293767     
  0.10625000000000000       0.15382083778470279     
  0.10875000000000000       0.15398843041423141     
  0.11125000000000000       0.15415814145544024     
  0.11375000000000000       0.15432988030830011     
  0.11625000000000001       0.15450356132158660     
  0.11875000000000001       0.15467910212048380     
  0.12125000000000000       0.15485642205853684     
  0.12375000000000000       0.15503543934038538     
  0.12625000000000000       0.15521606901537885     
  0.12875000000000000       0.15539822199375233     
  0.13125000000000001       0.15558180764832782     
  0.13375000000000001       0.15576673457713922     
  0.13625000000000001       0.15595291503788714     
  0.13875000000000001       0.15614027048722484     
  0.14125000000000001       0.15632873618750157     
  0.14375000000000002       0.15651826440074837     
  0.14624999999999999       0.15670882599304745     
  0.14874999999999999       0.15690040900196903     
  0.15125000000000000       0.15709301358160435     
  0.15375000000000000       0.15728665146792739     
  0.15625000000000000       0.15748133942359976     
  0.15875000000000000       0.15767709609492156     
  0.16125000000000000       0.15787394399453311     
  0.16375000000000001       0.15807190168102697     
  0.16625000000000001       0.15827098940507195     
  0.16875000000000001       0.15847122156373014     
  0.17125000000000001       0.15867261052129514     
  0.17375000000000002       0.15887515549688261     
  0.17624999999999999       0.15907885171528449     
  0.17874999999999999       0.15928368630490677     
  0.18124999999999999       0.15948963460694757     
  0.18375000000000000       0.15969665961132423     
  0.18625000000000000       0.15990470865149967     
  0.18875000000000000       0.16011371322621143     
  0.19125000000000000       0.16032359382378764     
  0.19375000000000001       0.16053426085753217     
  0.19625000000000001       0.16074561750587188     
  0.19875000000000001       0.16095756650110479     
  0.20125000000000001       0.16117001673506373     
  0.20375000000000001       0.16138287883474237     
  0.20625000000000002       0.16159609423113175     
  0.20874999999999999       0.16180955577528874     
  0.21124999999999999       0.16202319017798092     
  0.21375000000000000       0.16223693842374384     
  0.21625000000000000       0.16245074218336900     
  0.21875000000000000       0.16266455841227406     
  0.22125000000000000       0.16287836118887000     
  0.22375000000000000       0.16309213850136270     
  0.22625000000000001       0.16330589708712853     
  0.22875000000000001       0.16351965734407220     
  0.23125000000000001       0.16373345744414838     
  0.23375000000000001       0.16394734901575214     
  0.23625000000000002       0.16416139389404436     
  0.23875000000000002       0.16437566102574991     
  0.24124999999999999       0.16459022476045726     
  0.24374999999999999       0.16480516398102935     
  0.24625000000000000       0.16502056014761010     
  0.24875000000000000       0.16523649275711233     
  0.25125000000000003       0.16545303210216969     
  0.25375000000000003       0.16567022682857624     
  0.25624999999999998       0.16588808738172905     
  0.25874999999999998       0.16610658917809992     
  0.26124999999999998       0.16632567065818102     
  0.26374999999999998       0.16654524260948886     
  0.26624999999999999       0.16676519932490930     
  0.26874999999999999       0.16698542833229088     
  0.27124999999999999       0.16720583047151003     
  0.27374999999999999       0.16742632158896620     
  0.27625000000000000       0.16764682352799345     
  0.27875000000000000       0.16786724631370295     
  0.28125000000000000       0.16808742970875867     
  0.28375000000000000       0.16830718193633751     
  0.28625000000000000       0.16852627639306850     
  0.28875000000000001       0.16874448502385639     
  0.29125000000000001       0.16896162938880308     
  0.29375000000000001       0.16917762123403599     
  0.29625000000000001       0.16939249580531954     
  0.29875000000000002       0.16960637375156043     
  0.30125000000000002       0.16981942415735915     
  0.30375000000000002       0.17003180689565048     
  0.30625000000000002       0.17024362752400912     
  0.30875000000000002       0.17045491507157906     
  0.31125000000000003       0.17066561815994022     
  0.31375000000000003       0.17087564299777760     
  0.31625000000000003       0.17108487518229806     
  0.31875000000000003       0.17129320554902716     
  0.32124999999999998       0.17150054681860027     
  0.32374999999999998       0.17170683992040259     
  0.32624999999999998       0.17191205582970034     
  0.32874999999999999       0.17211618900767031     
  0.33124999999999999       0.17231923361609913     
  0.33374999999999999       0.17252116908025183     
  0.33624999999999999       0.17272192886563340     
  0.33875000000000000       0.17292138473699883     
  0.34125000000000000       0.17311937932885124     
  0.34375000000000000       0.17331574827248511     
  0.34625000000000000       0.17351036159149003     
  0.34875000000000000       0.17370314494949493     
  0.35125000000000001       0.17389411420248688     
  0.35375000000000001       0.17408333436750908     
  0.35625000000000001       0.17427089772637336     
  0.35875000000000001       0.17445690412452006     
  0.36125000000000002       0.17464146029928110     
  0.36375000000000002       0.17482467010483846     
  0.36625000000000002       0.17500663363276925     
  0.36875000000000002       0.17518746052763112     
  0.37125000000000002       0.17536725677686893     
  0.37375000000000003       0.17554610618214095     
  0.37625000000000003       0.17572407804281978     
  0.37875000000000003       0.17590122779385220     
  0.38125000000000003       0.17607760384352633     
  0.38375000000000004       0.17625325766970321     
  0.38624999999999998       0.17642821108077023     
  0.38874999999999998       0.17660245129026189     
  0.39124999999999999       0.17677591596311781     
  0.39374999999999999       0.17694851244635387     
  0.39624999999999999       0.17712014696808154     
  0.39874999999999999       0.17729074268444356     
  0.40125000000000000       0.17746023863317742     
  0.40375000000000000       0.17762854938513054     
  0.40625000000000000       0.17779555874216860     
  0.40875000000000000       0.17796109789508976     
  0.41125000000000000       0.17812499706182891     
  0.41375000000000001       0.17828715899599187     
  0.41625000000000001       0.17844756970421435     
  0.41875000000000001       0.17860624089050206     
  0.42125000000000001       0.17876314916732491     
  0.42375000000000002       0.17891820038832995     
  0.42625000000000002       0.17907130986928135     
  0.42875000000000002       0.17922248309764202     
  0.43125000000000002       0.17937187412842984     
  0.43375000000000002       0.17951971457783580     
  0.43625000000000003       0.17966618158073125     
  0.43875000000000003       0.17981132918834111     
  0.44125000000000003       0.17995512382444226     
  0.44375000000000003       0.18009760958665197     
  0.44625000000000004       0.18023903499701110     
  0.44874999999999998       0.18037978385945153     
  0.45124999999999998       0.18052017282008451     
  0.45374999999999999       0.18066038276307395     
  0.45624999999999999       0.18080040037248424     
  0.45874999999999999       0.18094027145904520     
  0.46124999999999999       0.18108024267467959     
  0.46375000000000000       0.18122073016004425     
  0.46625000000000000       0.18136209771589126     
  0.46875000000000000       0.18150458623482232     
  0.47125000000000000       0.18164826058422900     
  0.47375000000000000       0.18179322615168922     
  0.47625000000000001       0.18193982463512468     
  0.47875000000000001       0.18208852207152240     
  0.48125000000000001       0.18223983084452258     
  0.48375000000000001       0.18239437899132141     
  0.48625000000000002       0.18255295541701941     
  0.48875000000000002       0.18271666390086364     
  0.49125000000000002       0.18288737512514250     
  0.49375000000000002       0.18306721868338441     
  0.49625000000000002       0.18325909744652522     
  0.49875000000000003       0.18346631614419218     
  0.50124999999999997       0.18369339414766103     
  0.50375000000000003       0.18394523763671797     
  0.50624999999999998       0.18422774163093555     
  0.50875000000000004       0.18454771070345585     
  0.51124999999999998       0.18491520564020672     
  0.51375000000000004       0.18534142987698007     
  0.51624999999999999       0.18584148157001190     
  0.51875000000000004       0.18643569138633587     
  0.52124999999999999       0.18715075693294805     
  0.52375000000000005       0.18802173211596510     
  0.52625000000000000       0.18909361428910088     
  0.52875000000000005       0.19042225400066548     
  0.53125000000000000       0.19207574236571526     
  0.53375000000000006       0.19413603438751040     
  0.53625000000000000       0.19670105209274483     
  0.53875000000000006       0.19988752692544354     
  0.54125000000000001       0.20383423238936701     
  0.54375000000000007       0.20870531327573316     
  0.54625000000000001       0.21469366428644920     
  0.54874999999999996       0.22202407940902488     
  0.55125000000000002       0.23095602568388940     
  0.55374999999999996       0.24178566333667437     
  0.55625000000000002       0.25484653511896926     
  0.55874999999999997       0.27050836086098279     
  0.56125000000000003       0.28917343573265358     
  0.56374999999999997       0.31127021464633453     
  0.56625000000000003       0.33724362010178582     
  0.56874999999999998       0.36754173522983719     
  0.57125000000000004       0.40259905488020026     
  0.57374999999999998       0.44281713776776210     
  0.57625000000000004       0.48854078858891609     
  0.57874999999999999       0.54002648191815672     
  0.58125000000000004       0.59742021591249572     
  0.58374999999999999       0.66078614054480245     
  0.58625000000000005       0.73001552536108794     
  0.58875000000000000       0.80486129015232388     
  0.59125000000000005       0.88498888856988589     
  0.59375000000000000       0.96980568694745573     
  0.59625000000000006        1.0582305130860628     
  0.59875000000000000        1.1492636520395478     
  0.60125000000000006        1.2419985794165911     
  0.60375000000000001        1.3354104204115880     
  0.60625000000000007        1.4283402255443338     
  0.60875000000000001        1.5195763463019520     
  0.61124999999999996        1.6079251359075775     
  0.61375000000000002        1.6922765104555666     
  0.61624999999999996        1.7716347752758692     
  0.61875000000000002        1.8451091088473914     
  0.62124999999999997        1.9119698275785282     
  0.62375000000000003        1.9717500942993820     
  0.62624999999999997        2.0242513412739771     
  0.62875000000000003        2.0695425148595921     
  0.63124999999999998        2.1079003300183450     
  0.63375000000000004        2.1396920953657346     
  0.63624999999999998        2.1653665641656645     
  0.63875000000000004        2.1856533027567218     
  0.64124999999999999        2.2000914351081211     
  0.64375000000000004        2.2403626448697245     
  0.64624999999999999        3.4616313633518438     
  0.64875000000000005        5.0580732281014802     
  0.65125000000000000        5.1523945431579632     
  0.65375000000000005        5.0473890953134832     
  0.65625000000000000        4.9747404869947598     
  0.65875000000000006        4.9498133746513719     
  0.66125000000000000        4.9054976172820677     
  0.66375000000000006        4.8366501944365448     
  0.66625000000000001        4.7398863904478556     
  0.66875000000000007        4.6349882526581396     
  0.67125000000000001        4.5450086520484758     
  0.67374999999999996        4.4833293449708647     
  0.67625000000000002        4.4429914339144441     
  0.67874999999999996        4.4072440587772883     
  0.68125000000000002        4.3627252559912559     
  0.68374999999999997        4.3096044161619469     
  0.68625000000000003        4.2608603282778406     
  0.68874999999999997        4.2311332352424342     
  0.69125000000000003        4.2217885487437501     
  0.69374999999999998        4.2232117467454566     
  0.69625000000000004        4.2268447490681078     
  0.69874999999999998        4.2189672194344601     
  0.70125000000000004        4.1960534188604504     
  0.70374999999999999        4.1664220820936482     
  0.70625000000000004        4.1365117357243602     
  0.70874999999999999        4.1056231621140471     
  0.71125000000000005        4.0689102820327161     
  0.71375000000000000        4.0193351341202277     
  0.71625000000000005        3.9520650614623225     
  0.71875000000000000        3.8787656895414817     
  0.72125000000000006        3.8077558035163972     
  0.72375000000000000        3.7455138449249099     
  0.72625000000000006        3.6973431956614711     
  0.72875000000000001        3.6666834772481978     
  0.73125000000000007        3.6510093230442795     
  0.73375000000000001        3.6468581434794363     
  0.73624999999999996        3.6471291214627937     
  0.73875000000000002        3.6522221340103282     
  0.74124999999999996        3.6857059161847547     
  0.74375000000000002        3.7525240409057794     
  0.74624999999999997        3.8389068230263526     
  0.74875000000000003        3.9423853592050082     
  0.75124999999999997        4.0664301330228740     
  0.75375000000000003        4.2217483819622670     
  0.75624999999999998        4.4249294480549191     
  0.75875000000000004        4.6640761871803766     
  0.76124999999999998        4.8726359566952331     
  0.76375000000000004        5.0027618061059487     
  0.76624999999999999        5.0704036579902745     
  0.76875000000000004        5.1027079965736855     
  0.77124999999999999        5.1216801048288234     
  0.77375000000000005        5.1575929725643661     
  0.77625000000000000        5.2316273186017668     
  0.77875000000000005        5.2986207315156895     
  0.78125000000000000        5.2855777782386593     
  0.78375000000000006        5.2268266009818891     
  0.78625000000000000        5.1479759738874984     
  0.78875000000000006        5.0416687168516576     
  0.79125000000000001        4.8831884288364131     
  0.79375000000000007        4.6407716077043926     
  0.79625000000000001        4.2733740697683418     
  0.79875000000000007        3.7687641598523545     
  0.80125000000000002        3.1569967459564956     
  0.80374999999999996        2.4853941278313587     
  0.80625000000000002        1.8192966915750375     
  0.80874999999999997        1.2740077181596334     
  0.81125000000000003       0.99438804616208565     
  0.81374999999999997       0.88557107296466253     
  0.81625000000000003       0.84722401011837578     
  0.81874999999999998       0.83421057911707619     
  0.82125000000000004       0.82756720731506883     
  0.82374999999999998       0.82624552834520915     
  0.82625000000000004       0.82808627742417629     
  0.82874999999999999       0.83274941954153103     
  0.83125000000000004       0.84074130946005898     
  0.83374999999999999       0.84994778673966553     
  0.83625000000000005       0.85787943580866155     
  0.83875000000000000       0.86344676726675340     
  0.84125000000000005       0.86691893192181091     
  0.84375000000000000       0.86995644389051308     
  0.84625000000000006       0.87332417591861622     
  0.84875000000000000       0.87685997587999676     
  0.85125000000000006       0.88141054906796279     
  0.85375000000000001       0.88810576763866844     
  0.85625000000000007       0.89454009229989229     
  0.85875000000000001       0.89781483875579882     
  0.86125000000000007       0.89645668933283129     
  0.86375000000000002       0.87336655419502318     
  0.86624999999999996       0.75939693733648916     
  0.86875000000000002       0.46093437081024319     
  0.87124999999999997       0.31859461901565184     
  0.87375000000000003       0.30470694812576909     
  0.87624999999999997       0.30428416239616413     
  0.87875000000000003       0.30468935845135897     
  0.88124999999999998       0.30517068571075573     
  0.88375000000000004       0.30558646029296549     
  0.88624999999999998       0.30595460559698967     
  0.88875000000000004       0.30628684572399723     
  0.89124999999999999       0.30658153949639749     
  0.89375000000000004       0.30683756994882305     
  0.89624999999999999       0.30705473073017631     
  0.89875000000000005       0.30723049208687969     
  0.90125000000000000       0.30737664805791548     
  0.90375000000000005       0.30750150716178154     
  0.90625000000000000       0.30760474557702228     
  0.90875000000000006       0.30770090147150980     
  0.91125000000000000       0.30780004199503824     
  0.91375000000000006       0.30790661798006885     
  0.91625000000000001       0.30801907480669666     
  0.91875000000000007       0.30813062661078566     
  0.92125000000000001       0.30823180953845369     
  0.92375000000000007       0.30831552260874889     
  0.92625000000000002       0.30837682416755252     
  0.92874999999999996       0.30841327596797607     
  0.93125000000000002       0.30842763363624270     
  0.93374999999999997       0.30843056270676344     
  0.93625000000000003       0.30843089647995831     
  0.93874999999999997       0.30843355736592371     
  0.94125000000000003       0.30844220288124735     
  0.94374999999999998       0.30845843529579275     
  0.94625000000000004       0.30848049865312405     
  0.94874999999999998       0.30850469488071425     
  0.95125000000000004       0.30852782454167887     
  0.95374999999999999       0.30854780733732562     
  0.95625000000000004       0.30856394837602885     
  0.95874999999999999       0.30857687633921616     
  0.96125000000000005       0.30858808695784401     
  0.96375000000000000       0.30859920326331386     
  0.96625000000000005       0.30861195864691160     
  0.96875000000000000       0.30862825788512221     
  0.97125000000000006       0.30864883048034952     
  0.97375000000000000       0.30867309841248020     
  0.97625000000000006       0.30869371215756336     
  0.97875000000000001       0.30870488593474393     
  0.98125000000000007       0.30870652220758521     
  0.98375000000000001       0.30870233619967608     
  0.98625000000000007       0.30868697580093057     
  0.98875000000000002       0.30865064930245206     
  0.99125000000000008       0.30859957370570867     
  0.99375000000000002       0.30856432186710969     
  0.99624999999999997       0.30854727943065635     
  0.99875000000000003       0.30854320031264476     
