   3.9062500000000000E-003   1.0000000000000000     
   1.1718750000000000E-002   1.0000000000000000     
   1.9531250000000000E-002   1.0000000000000000     
   2.7343750000000000E-002   1.0000000000000000     
   3.5156250000000000E-002   1.0000000000000000     
   4.2968750000000000E-002   1.0000000000000000     
   5.0781250000000000E-002   1.0000000000000000     
   5.8593750000000000E-002   1.0000000000000000     
   6.6406250000000000E-002  0.99999999999999989     
   7.4218750000000000E-002  0.99999999999999833     
   8.2031250000000000E-002  0.99999999999999156     
   8.9843750000000000E-002  0.99999999999995859     
   9.7656250000000000E-002  0.99999999999980771     
  0.10546875000000000       0.99999999999913036     
  0.11328125000000000       0.99999999999616351     
  0.12109375000000000       0.99999999998348621     
  0.12890625000000000       0.99999999993069311     
  0.13671875000000000       0.99999999971658837     
  0.14453125000000000       0.99999999887163948     
  0.15234375000000000       0.99999999562965958     
  0.16015625000000000       0.99999998354682618     
  0.16796875000000000       0.99999993984695090     
  0.17578125000000000       0.99999978663591049     
  0.18359375000000000       0.99999926649977455     
  0.19140625000000000       0.99999755862993434     
  0.19921875000000000       0.99999214138651771     
  0.20703125000000000       0.99997556236580831     
  0.21484375000000000       0.99992666389931850     
  0.22265625000000000       0.99978780212609442     
  0.23046875000000000       0.99940825903299058     
  0.23828125000000000       0.99840883980229711     
  0.24609375000000000       0.99586241607279691     
  0.25390625000000000       0.98950482633666070     
  0.26171875000000000       0.97607513027335957     
  0.26953125000000000       0.95795234566216736     
  0.27734375000000000       0.93756752433720048     
  0.28515625000000000       0.91603328795323968     
  0.29296875000000000       0.89394674367675087     
  0.30078125000000000       0.87164553608911233     
  0.30859375000000000       0.84933486812248216     
  0.31640625000000000       0.82714748583510467     
  0.32421875000000000       0.80517146436323361     
  0.33203125000000000       0.78346657054219382     
  0.33984375000000000       0.76207420162735795     
  0.34765625000000000       0.74102382168318626     
  0.35546875000000000       0.72033726485863481     
  0.36328125000000000       0.70003177575778108     
  0.37109375000000000       0.68011907185895748     
  0.37890625000000000       0.66060776919458630     
  0.38671875000000000       0.64150405838709912     
  0.39453125000000000       0.62281177068263693     
  0.40234375000000000       0.60453206743459487     
  0.41015625000000000       0.58666305380995043     
  0.41796875000000000       0.56919960783067469     
  0.42578125000000000       0.55213347831937309     
  0.43359375000000000       0.53545333445689625     
  0.44140625000000000       0.51914522424603071     
  0.44921875000000000       0.50319392754366465     
  0.45703125000000000       0.48758638760054712     
  0.46484375000000000       0.47232680347287598     
  0.47265625000000000       0.45751014570789633     
  0.48046875000000000       0.44350717768143189     
  0.48828125000000000       0.43204355682326850     
  0.49609375000000000       0.42563073699772386     
  0.50390625000000000       0.42442742326549476     
  0.51171875000000000       0.42723619934321838     
  0.51953125000000000       0.42727638355128605     
  0.52734375000000000       0.42627069841369308     
  0.53515625000000000       0.42615671210062889     
  0.54296875000000000       0.42570673845824464     
  0.55078125000000000       0.42578477429747980     
  0.55859375000000000       0.42545992029896013     
  0.56640625000000000       0.42559922462127425     
  0.57421875000000000       0.42551432688339669     
  0.58203125000000000       0.42568197594646251     
  0.58984375000000000       0.42561920553115118     
  0.59765625000000000       0.42574341473803851     
  0.60546875000000000       0.42558659757804684     
  0.61328125000000000       0.42572243058702802     
  0.62109375000000000       0.42553838990545878     
  0.62890625000000000       0.42536148728435763     
  0.63671875000000000       0.42471098969005677     
  0.64453125000000000       0.42326521193214517     
  0.65234375000000000       0.42022765467510897     
  0.66015625000000000       0.41423252859646448     
  0.66796875000000000       0.40307078822784659     
  0.67578125000000000       0.38367817253707354     
  0.68359375000000000       0.35409861766802014     
  0.69140625000000000       0.31813755108024738     
  0.69921875000000000       0.28491466783709357     
  0.70703125000000000       0.26821365103921890     
  0.71484375000000000       0.26337706591059556     
  0.72265625000000000       0.26239326198175422     
  0.73046875000000000       0.26222384430176665     
  0.73828125000000000       0.26260928260168626     
  0.74609375000000000       0.26341495352876243     
  0.75390625000000000       0.26478737439558953     
  0.76171875000000000       0.26545616495526930     
  0.76953125000000000       0.26560243919865306     
  0.77734375000000000       0.26572305019346171     
  0.78515625000000000       0.26555410370290605     
  0.79296875000000000       0.26572505984438760     
  0.80078125000000000       0.26537958217585411     
  0.80859375000000000       0.26589461794344960     
  0.81640625000000000       0.26486027013356717     
  0.82421875000000000       0.26578115192792168     
  0.83203125000000000       0.26323714461130165     
  0.83984375000000000       0.25740923901476398     
  0.84765625000000000       0.23242285193165202     
  0.85546875000000000       0.16939175429130535     
  0.86328125000000000       0.13118433947060038     
  0.87109375000000000       0.12563119413624205     
  0.87890625000000000       0.12506006738119935     
  0.88671875000000000       0.12500563618233243     
  0.89453125000000000       0.12500052675235290     
  0.90234375000000000       0.12500004915138288     
  0.91015625000000000       0.12500000458347468     
  0.91796875000000000       0.12500000042733381     
  0.92578125000000000       0.12500000003983533     
  0.93359375000000000       0.12500000000371272     
  0.94140625000000000       0.12500000000034597     
  0.94921875000000000       0.12500000000003222     
  0.95703125000000000       0.12500000000000303     
  0.96484375000000000       0.12500000000000031     
  0.97265625000000000       0.12500000000000003     
  0.98046875000000000       0.12500000000000000     
  0.98828125000000000       0.12500000000000000     
  0.99609375000000000       0.12500000000000000     
