   5.0000000000000001E-004   1.0000000000000000     
   1.5000000000000000E-003   1.0000000000000000     
   2.5000000000000001E-003   1.0000000000000000     
   3.5000000000000001E-003   1.0000000000000000     
   4.5000000000000005E-003   1.0000000000000000     
   5.4999999999999997E-003   1.0000000000000000     
   6.5000000000000006E-003   1.0000000000000000     
   7.4999999999999997E-003   1.0000000000000000     
   8.5000000000000006E-003   1.0000000000000000     
   9.4999999999999998E-003   1.0000000000000000     
   1.0500000000000001E-002   1.0000000000000000     
   1.1500000000000000E-002   1.0000000000000000     
   1.2500000000000001E-002   1.0000000000000000     
   1.3500000000000000E-002   1.0000000000000000     
   1.4500000000000001E-002   1.0000000000000000     
   1.5500000000000000E-002   1.0000000000000000     
   1.6500000000000001E-002   1.0000000000000000     
   1.7500000000000002E-002   1.0000000000000000     
   1.8499999999999999E-002   1.0000000000000000     
   1.9500000000000000E-002   1.0000000000000000     
   2.0500000000000001E-002   1.0000000000000000     
   2.1500000000000002E-002   1.0000000000000000     
   2.2499999999999999E-002   1.0000000000000000     
   2.3500000000000000E-002   1.0000000000000000     
   2.4500000000000001E-002   1.0000000000000000     
   2.5500000000000002E-002   1.0000000000000000     
   2.6499999999999999E-002   1.0000000000000000     
   2.7500000000000000E-002   1.0000000000000000     
   2.8500000000000001E-002   1.0000000000000000     
   2.9500000000000002E-002   1.0000000000000000     
   3.0499999999999999E-002   1.0000000000000000     
   3.1500000000000000E-002   1.0000000000000000     
   3.2500000000000001E-002   1.0000000000000000     
   3.3500000000000002E-002   1.0000000000000000     
   3.4500000000000003E-002   1.0000000000000000     
   3.5500000000000004E-002   1.0000000000000000     
   3.6499999999999998E-002   1.0000000000000000     
   3.7499999999999999E-002   1.0000000000000000     
   3.8500000000000000E-002   1.0000000000000000     
   3.9500000000000000E-002   1.0000000000000000     
   4.0500000000000001E-002   1.0000000000000000     
   4.1500000000000002E-002   1.0000000000000000     
   4.2500000000000003E-002   1.0000000000000000     
   4.3500000000000004E-002   1.0000000000000000     
   4.4499999999999998E-002   1.0000000000000000     
   4.5499999999999999E-002   1.0000000000000000     
   4.6500000000000000E-002   1.0000000000000000     
   4.7500000000000001E-002   1.0000000000000000     
   4.8500000000000001E-002   1.0000000000000000     
   4.9500000000000002E-002   1.0000000000000000     
   5.0500000000000003E-002   1.0000000000000000     
   5.1500000000000004E-002   1.0000000000000000     
   5.2499999999999998E-002   1.0000000000000000     
   5.3499999999999999E-002   1.0000000000000000     
   5.4500000000000000E-002   1.0000000000000000     
   5.5500000000000001E-002   1.0000000000000000     
   5.6500000000000002E-002   1.0000000000000000     
   5.7500000000000002E-002   1.0000000000000000     
   5.8500000000000003E-002   1.0000000000000000     
   5.9500000000000004E-002   1.0000000000000000     
   6.0499999999999998E-002   1.0000000000000000     
   6.1499999999999999E-002   1.0000000000000000     
   6.2500000000000000E-002   1.0000000000000000     
   6.3500000000000001E-002   1.0000000000000000     
   6.4500000000000002E-002   1.0000000000000000     
   6.5500000000000003E-002   1.0000000000000000     
   6.6500000000000004E-002   1.0000000000000000     
   6.7500000000000004E-002   1.0000000000000000     
   6.8500000000000005E-002   1.0000000000000000     
   6.9500000000000006E-002   1.0000000000000000     
   7.0500000000000007E-002   1.0000000000000000     
   7.1500000000000008E-002   1.0000000000000000     
   7.2499999999999995E-002   1.0000000000000000     
   7.3499999999999996E-002   1.0000000000000000     
   7.4499999999999997E-002   1.0000000000000000     
   7.5499999999999998E-002   1.0000000000000000     
   7.6499999999999999E-002   1.0000000000000000     
   7.7499999999999999E-002   1.0000000000000000     
   7.8500000000000000E-002   1.0000000000000000     
   7.9500000000000001E-002   1.0000000000000000     
   8.0500000000000002E-002   1.0000000000000000     
   8.1500000000000003E-002   1.0000000000000000     
   8.2500000000000004E-002   1.0000000000000000     
   8.3500000000000005E-002   1.0000000000000000     
   8.4500000000000006E-002   1.0000000000000000     
   8.5500000000000007E-002   1.0000000000000000     
   8.6500000000000007E-002   1.0000000000000000     
   8.7500000000000008E-002   1.0000000000000000     
   8.8499999999999995E-002   1.0000000000000000     
   8.9499999999999996E-002   1.0000000000000000     
   9.0499999999999997E-002   1.0000000000000000     
   9.1499999999999998E-002   1.0000000000000000     
   9.2499999999999999E-002   1.0000000000000000     
   9.3500000000000000E-002   1.0000000000000000     
   9.4500000000000001E-002   1.0000000000000000     
   9.5500000000000002E-002   1.0000000000000000     
   9.6500000000000002E-002   1.0000000000000000     
   9.7500000000000003E-002   1.0000000000000000     
   9.8500000000000004E-002   1.0000000000000000     
   9.9500000000000005E-002   1.0000000000000000     
  0.10050000000000001        1.0000000000000000     
  0.10150000000000001        1.0000000000000000     
  0.10250000000000001        1.0000000000000000     
  0.10350000000000001        1.0000000000000000     
  0.10450000000000000        1.0000000000000000     
  0.10550000000000000        1.0000000000000000     
  0.10650000000000000        1.0000000000000000     
  0.10750000000000000        1.0000000000000000     
  0.10850000000000000        1.0000000000000000     
  0.10950000000000000        1.0000000000000000     
  0.11050000000000000        1.0000000000000000     
  0.11150000000000000        1.0000000000000000     
  0.11250000000000000        1.0000000000000000     
  0.11350000000000000        1.0000000000000000     
  0.11450000000000000        1.0000000000000000     
  0.11550000000000001        1.0000000000000000     
  0.11650000000000001        1.0000000000000000     
  0.11750000000000001        1.0000000000000000     
  0.11850000000000001        1.0000000000000000     
  0.11950000000000001        1.0000000000000000     
  0.12050000000000000        1.0000000000000000     
  0.12150000000000000        1.0000000000000000     
  0.12250000000000000        1.0000000000000000     
  0.12350000000000000        1.0000000000000000     
  0.12450000000000000        1.0000000000000000     
  0.12550000000000000        1.0000000000000000     
  0.12650000000000000        1.0000000000000000     
  0.12750000000000000        1.0000000000000000     
  0.12850000000000000        1.0000000000000000     
  0.12950000000000000        1.0000000000000000     
  0.13050000000000000        1.0000000000000000     
  0.13150000000000001        1.0000000000000000     
  0.13250000000000001        1.0000000000000000     
  0.13350000000000001        1.0000000000000000     
  0.13450000000000001        1.0000000000000000     
  0.13550000000000001        1.0000000000000000     
  0.13650000000000001        1.0000000000000000     
  0.13750000000000001        1.0000000000000000     
  0.13850000000000001        1.0000000000000000     
  0.13950000000000001        1.0000000000000000     
  0.14050000000000001        1.0000000000000000     
  0.14150000000000001        1.0000000000000000     
  0.14250000000000002        1.0000000000000000     
  0.14350000000000002        1.0000000000000000     
  0.14449999999999999        1.0000000000000000     
  0.14549999999999999        1.0000000000000000     
  0.14649999999999999        1.0000000000000000     
  0.14749999999999999        1.0000000000000000     
  0.14849999999999999        1.0000000000000000     
  0.14949999999999999        1.0000000000000000     
  0.15049999999999999        1.0000000000000000     
  0.15150000000000000        1.0000000000000000     
  0.15250000000000000        1.0000000000000000     
  0.15350000000000000        1.0000000000000000     
  0.15450000000000000        1.0000000000000000     
  0.15550000000000000        1.0000000000000000     
  0.15650000000000000        1.0000000000000000     
  0.15750000000000000        1.0000000000000000     
  0.15850000000000000        1.0000000000000000     
  0.15950000000000000        1.0000000000000000     
  0.16050000000000000        1.0000000000000000     
  0.16150000000000000        1.0000000000000000     
  0.16250000000000001        1.0000000000000000     
  0.16350000000000001        1.0000000000000000     
  0.16450000000000001        1.0000000000000000     
  0.16550000000000001        1.0000000000000000     
  0.16650000000000001        1.0000000000000000     
  0.16750000000000001        1.0000000000000000     
  0.16850000000000001        1.0000000000000000     
  0.16950000000000001        1.0000000000000000     
  0.17050000000000001        1.0000000000000000     
  0.17150000000000001        1.0000000000000000     
  0.17250000000000001        1.0000000000000000     
  0.17350000000000002        1.0000000000000000     
  0.17450000000000002        1.0000000000000000     
  0.17550000000000002        1.0000000000000000     
  0.17649999999999999        1.0000000000000000     
  0.17749999999999999        1.0000000000000000     
  0.17849999999999999        1.0000000000000000     
  0.17949999999999999        1.0000000000000000     
  0.18049999999999999        1.0000000000000000     
  0.18149999999999999        1.0000000000000000     
  0.18250000000000000        1.0000000000000000     
  0.18350000000000000        1.0000000000000000     
  0.18450000000000000        1.0000000000000000     
  0.18550000000000000        1.0000000000000000     
  0.18650000000000000        1.0000000000000000     
  0.18750000000000000        1.0000000000000000     
  0.18850000000000000        1.0000000000000000     
  0.18950000000000000        1.0000000000000000     
  0.19050000000000000        1.0000000000000000     
  0.19150000000000000        1.0000000000000000     
  0.19250000000000000        1.0000000000000000     
  0.19350000000000001        1.0000000000000000     
  0.19450000000000001        1.0000000000000000     
  0.19550000000000001        1.0000000000000000     
  0.19650000000000001        1.0000000000000000     
  0.19750000000000001        1.0000000000000000     
  0.19850000000000001        1.0000000000000000     
  0.19950000000000001        1.0000000000000000     
  0.20050000000000001        1.0000000000000000     
  0.20150000000000001        1.0000000000000000     
  0.20250000000000001        1.0000000000000000     
  0.20350000000000001        1.0000000000000000     
  0.20450000000000002        1.0000000000000000     
  0.20550000000000002        1.0000000000000000     
  0.20650000000000002        1.0000000000000000     
  0.20750000000000002        1.0000000000000000     
  0.20849999999999999        1.0000000000000000     
  0.20949999999999999        1.0000000000000000     
  0.21049999999999999        1.0000000000000000     
  0.21149999999999999        1.0000000000000000     
  0.21249999999999999        1.0000000000000000     
  0.21350000000000000        1.0000000000000000     
  0.21450000000000000        1.0000000000000000     
  0.21550000000000000        1.0000000000000000     
  0.21650000000000000        1.0000000000000000     
  0.21750000000000000        1.0000000000000000     
  0.21850000000000000        1.0000000000000000     
  0.21950000000000000        1.0000000000000000     
  0.22050000000000000        1.0000000000000000     
  0.22150000000000000        1.0000000000000000     
  0.22250000000000000        1.0000000000000000     
  0.22350000000000000        1.0000000000000000     
  0.22450000000000001        1.0000000000000000     
  0.22550000000000001        1.0000000000000000     
  0.22650000000000001        1.0000000000000000     
  0.22750000000000001        1.0000000000000000     
  0.22850000000000001        1.0000000000000000     
  0.22950000000000001        1.0000000000000000     
  0.23050000000000001        1.0000000000000000     
  0.23150000000000001       0.99999999999999944     
  0.23250000000000001       0.99999999999999656     
  0.23350000000000001       0.99999999999998757     
  0.23450000000000001       0.99999999999996281     
  0.23550000000000001       0.99999999999990008     
  0.23650000000000002       0.99999999999974054     
  0.23750000000000002       0.99999999999933131     
  0.23850000000000002       0.99999999999829203     
  0.23950000000000002       0.99999999999567368     
  0.24049999999999999       0.99999999998909661     
  0.24149999999999999       0.99999999997260447     
  0.24249999999999999       0.99999999993139410     
  0.24349999999999999       0.99999999982863619     
  0.24450000000000000       0.99999999957294261     
  0.24550000000000000       0.99999999893780034     
  0.24650000000000000       0.99999999736257372     
  0.24750000000000000       0.99999999346074520     
  0.24850000000000000       0.99999998380522748     
  0.24950000000000000       0.99999995992898072     
  0.25050000000000000       0.99999990091595248     
  0.25150000000000000       0.99999975509575023     
  0.25250000000000000       0.99999939479556765     
  0.25350000000000000       0.99999850443722593     
  0.25450000000000000       0.99999630360994407     
  0.25550000000000000       0.99999086127673076     
  0.25650000000000001       0.99997739607341074     
  0.25750000000000001       0.99994405951989063     
  0.25850000000000001       0.99986145892699341     
  0.25950000000000001       0.99965654005615090     
  0.26050000000000001       0.99914723693091478     
  0.26150000000000001       0.99788901577790357     
  0.26250000000000001       0.99567053942717987     
  0.26350000000000001       0.99299795493920140     
  0.26450000000000001       0.99011576365717902     
  0.26550000000000001       0.98712295650102266     
  0.26650000000000001       0.98406240643471410     
  0.26750000000000002       0.98095509494195943     
  0.26850000000000002       0.97781320355327705     
  0.26950000000000002       0.97464492488207943     
  0.27050000000000002       0.97145625356724830     
  0.27150000000000002       0.96825181880141908     
  0.27250000000000002       0.96503531295850431     
  0.27350000000000002       0.96180972201584225     
  0.27450000000000002       0.95857748865628556     
  0.27550000000000002       0.95534063834983673     
  0.27650000000000002       0.95210086541695160     
  0.27750000000000002       0.94885959303329648     
  0.27850000000000003       0.94561802304413911     
  0.27950000000000003       0.94237717968263313     
  0.28050000000000003       0.93913794372814052     
  0.28150000000000003       0.93590107572245007     
  0.28250000000000003       0.93266723239296490     
  0.28350000000000003       0.92943698092085125     
  0.28450000000000003       0.92621081364600499     
  0.28550000000000003       0.92298916190362046     
  0.28650000000000003       0.91977240573305885     
  0.28750000000000003       0.91656088172512939     
  0.28849999999999998       0.91335488902828488     
  0.28949999999999998       0.91015469420536033     
  0.29049999999999998       0.90696053546708011     
  0.29149999999999998       0.90377262589554697     
  0.29249999999999998       0.90059115551783597     
  0.29349999999999998       0.89741629303182924     
  0.29449999999999998       0.89424818820147511     
  0.29549999999999998       0.89108697497874989     
  0.29649999999999999       0.88793277426530670     
  0.29749999999999999       0.88478569568708332     
  0.29849999999999999       0.88164583823389242     
  0.29949999999999999       0.87851329175853710     
  0.30049999999999999       0.87538813844265218     
  0.30149999999999999       0.87227045419439042     
  0.30249999999999999       0.86916030836549563     
  0.30349999999999999       0.86605776320656636     
  0.30449999999999999       0.86296287416080064     
  0.30549999999999999       0.85987568954782245     
  0.30649999999999999       0.85679625191356956     
  0.30750000000000000       0.85372459925388444     
  0.30850000000000000       0.85066076680993785     
  0.30950000000000000       0.84760478754652135     
  0.31050000000000000       0.84455669200999817     
  0.31150000000000000       0.84151650862083505     
  0.31250000000000000       0.83848426307957402     
  0.31350000000000000       0.83545997808350236     
  0.31450000000000000       0.83244367329097813     
  0.31550000000000000       0.82943536542530050     
  0.31650000000000000       0.82643506844224801     
  0.31750000000000000       0.82344279385619545     
  0.31850000000000001       0.82045855132382528     
  0.31950000000000001       0.81748234939373832     
  0.32050000000000001       0.81451419610204123     
  0.32150000000000001       0.81155409909221998     
  0.32250000000000001       0.80860206525440204     
  0.32350000000000001       0.80565810024256601     
  0.32450000000000001       0.80272220826006135     
  0.32550000000000001       0.79979439216810722     
  0.32650000000000001       0.79687465365292687     
  0.32750000000000001       0.79396299321250785     
  0.32850000000000001       0.79105941001361690     
  0.32950000000000002       0.78816390187268581     
  0.33050000000000002       0.78527646552669939     
  0.33150000000000002       0.78239709712535221     
  0.33250000000000002       0.77952579270086098     
  0.33350000000000002       0.77666254839574911     
  0.33450000000000002       0.77380736043039933     
  0.33550000000000002       0.77096022491540195     
  0.33650000000000002       0.76812113757956346     
  0.33750000000000002       0.76529009346498311     
  0.33850000000000002       0.76246708662331419     
  0.33950000000000002       0.75965210985935094     
  0.34050000000000002       0.75684515476851322     
  0.34150000000000003       0.75404621225375656     
  0.34250000000000003       0.75125527315725193     
  0.34350000000000003       0.74847232858091406     
  0.34450000000000003       0.74569736994599134     
  0.34550000000000003       0.74293038887387519     
  0.34650000000000003       0.74017137686304613     
  0.34750000000000003       0.73742032500825083     
  0.34850000000000003       0.73467722404619462     
  0.34950000000000003       0.73194206447067234     
  0.35050000000000003       0.72921483639019202     
  0.35150000000000003       0.72649552932882477     
  0.35249999999999998       0.72378413217297510     
  0.35349999999999998       0.72108063323734672     
  0.35449999999999998       0.71838502043971475     
  0.35549999999999998       0.71569728156583690     
  0.35649999999999998       0.71301740453079043     
  0.35749999999999998       0.71034537751746962     
  0.35849999999999999       0.70768118895469023     
  0.35949999999999999       0.70502482740942451     
  0.36049999999999999       0.70237628149521647     
  0.36149999999999999       0.69973553982683978     
  0.36249999999999999       0.69710259097662908     
  0.36349999999999999       0.69447742337710894     
  0.36449999999999999       0.69186002514739064     
  0.36549999999999999       0.68925038387578297     
  0.36649999999999999       0.68664848645643717     
  0.36749999999999999       0.68405431909851577     
  0.36849999999999999       0.68146786755350064     
  0.36950000000000000       0.67888911748253278     
  0.37050000000000000       0.67631805481233209     
  0.37150000000000000       0.67375466595466671     
  0.37250000000000000       0.67119893784760387     
  0.37350000000000000       0.66865085784764666     
  0.37450000000000000       0.66611041352970568     
  0.37550000000000000       0.66357759244952541     
  0.37650000000000000       0.66105238191444471     
  0.37750000000000000       0.65853476880252015     
  0.37850000000000000       0.65602473946143791     
  0.37950000000000000       0.65352227970120713     
  0.38050000000000000       0.65102737487242057     
  0.38150000000000001       0.64854001000584272     
  0.38250000000000001       0.64606016998569515     
  0.38350000000000001       0.64358783973364864     
  0.38450000000000001       0.64112300438233016     
  0.38550000000000001       0.63866564941042314     
  0.38650000000000001       0.63621576070268315     
  0.38750000000000001       0.63377332450191659     
  0.38850000000000001       0.63133832724577765     
  0.38950000000000001       0.62891075532295615     
  0.39050000000000001       0.62649059481960745     
  0.39150000000000001       0.62407783133510264     
  0.39250000000000002       0.62167244991881343     
  0.39350000000000002       0.61927443513065061     
  0.39450000000000002       0.61688377118380555     
  0.39550000000000002       0.61450044210996457     
  0.39650000000000002       0.61212443189911803     
  0.39750000000000002       0.60975572459460958     
  0.39850000000000002       0.60739430434955077     
  0.39950000000000002       0.60504015545987577     
  0.40050000000000002       0.60269326238179943     
  0.40150000000000002       0.60035360972756768     
  0.40250000000000002       0.59802118222596190     
  0.40350000000000003       0.59569596463991303     
  0.40450000000000003       0.59337794164989310     
  0.40550000000000003       0.59106709772827570     
  0.40650000000000003       0.58876341703607793     
  0.40750000000000003       0.58646688336540398     
  0.40850000000000003       0.58417748013351034     
  0.40950000000000003       0.58189519041814641     
  0.41050000000000003       0.57961999701740985     
  0.41150000000000003       0.57735188252204395     
  0.41250000000000003       0.57509082939739298     
  0.41350000000000003       0.57283682007680592     
  0.41450000000000004       0.57058983706319133     
  0.41550000000000004       0.56834986302351431     
  0.41649999999999998       0.56611688085103162     
  0.41749999999999998       0.56389087367053436     
  0.41849999999999998       0.56167182477522803     
  0.41949999999999998       0.55945971750481738     
  0.42049999999999998       0.55725453509329503     
  0.42149999999999999       0.55505626052346413     
  0.42249999999999999       0.55286487642064586     
  0.42349999999999999       0.55068036500393525     
  0.42449999999999999       0.54850270809672119     
  0.42549999999999999       0.54633188718540915     
  0.42649999999999999       0.54416788350946121     
  0.42749999999999999       0.54201067816627468     
  0.42849999999999999       0.53986025221805745     
  0.42949999999999999       0.53771658679145984     
  0.43049999999999999       0.53557966316231209     
  0.43149999999999999       0.53344946281741401     
  0.43250000000000000       0.53132596748436012     
  0.43350000000000000       0.52920915912108502     
  0.43450000000000000       0.52709901986082597     
  0.43550000000000000       0.52499553191578718     
  0.43650000000000000       0.52289867745224405     
  0.43750000000000000       0.52080843845795244     
  0.43850000000000000       0.51872479662607229     
  0.43950000000000000       0.51664773327629920     
  0.44050000000000000       0.51457722932403505     
  0.44150000000000000       0.51251326529535113     
  0.44250000000000000       0.51045582137379453     
  0.44350000000000001       0.50840487745864982     
  0.44450000000000001       0.50636041321473468     
  0.44550000000000001       0.50432240809984319     
  0.44650000000000001       0.50229084136410140     
  0.44750000000000001       0.50026569202210258     
  0.44850000000000001       0.49824693880140741     
  0.44950000000000001       0.49623456006995936     
  0.45050000000000001       0.49422853374218950     
  0.45150000000000001       0.49222883716171978     
  0.45250000000000001       0.49023544695942101     
  0.45350000000000001       0.48824833888924307     
  0.45450000000000002       0.48626748764918126     
  0.45550000000000002       0.48429286669889127     
  0.45650000000000002       0.48232444808721425     
  0.45750000000000002       0.48036220230194532     
  0.45850000000000002       0.47840609815147311     
  0.45950000000000002       0.47645610268487176     
  0.46050000000000002       0.47451218115468530     
  0.46150000000000002       0.47257429702547865     
  0.46250000000000002       0.47064241203151963     
  0.46350000000000002       0.46871648628968693     
  0.46450000000000002       0.46679647848033334     
  0.46550000000000002       0.46488234611792317     
  0.46650000000000003       0.46297404593387909     
  0.46750000000000003       0.46107153436109899     
  0.46850000000000003       0.45917476801352253     
  0.46950000000000003       0.45728370390854473     
  0.47050000000000003       0.45539829911887098     
  0.47150000000000003       0.45351850990590631     
  0.47250000000000003       0.45164429156607960     
  0.47350000000000003       0.44977560253141613     
  0.47450000000000003       0.44791242035082462     
  0.47550000000000003       0.44605477775506447     
  0.47650000000000003       0.44420284916294978     
  0.47750000000000004       0.44235704274027660     
  0.47850000000000004       0.44051820326678470     
  0.47950000000000004       0.43868807143642607     
  0.48049999999999998       0.43687028273655842     
  0.48149999999999998       0.43507258076390648     
  0.48249999999999998       0.43331109666329387     
  0.48349999999999999       0.43161782305178109     
  0.48449999999999999       0.43005304799882826     
  0.48549999999999999       0.42870295036463585     
  0.48649999999999999       0.42770906616833443     
  0.48749999999999999       0.42708435106789122     
  0.48849999999999999       0.42671528357133554     
  0.48949999999999999       0.42655606657610251     
  0.49049999999999999       0.42649378016566158     
  0.49149999999999999       0.42641358635519405     
  0.49249999999999999       0.42625202312609095     
  0.49349999999999999       0.42603500611067163     
  0.49450000000000000       0.42586524289198424     
  0.49550000000000000       0.42583028993975675     
  0.49650000000000000       0.42584198466234596     
  0.49750000000000000       0.42586635095420283     
  0.49850000000000000       0.42595098816901467     
  0.49950000000000000       0.42604798211048367     
  0.50050000000000006       0.42612609619568093     
  0.50150000000000006       0.42618748100023679     
  0.50250000000000006       0.42623843849868442     
  0.50350000000000006       0.42627649103331883     
  0.50450000000000006       0.42628943607914410     
  0.50550000000000006       0.42628912865407548     
  0.50650000000000006       0.42628296466063514     
  0.50750000000000006       0.42628430009443080     
  0.50850000000000006       0.42629316242155552     
  0.50950000000000006       0.42630604158255192     
  0.51050000000000006       0.42630925225717387     
  0.51150000000000007       0.42630649918187097     
  0.51249999999999996       0.42629863742639457     
  0.51349999999999996       0.42629182188947379     
  0.51449999999999996       0.42629214444164892     
  0.51549999999999996       0.42629442764435838     
  0.51649999999999996       0.42629947838850213     
  0.51749999999999996       0.42630108535675998     
  0.51849999999999996       0.42629948116196426     
  0.51949999999999996       0.42629843968728659     
  0.52049999999999996       0.42630009547966075     
  0.52149999999999996       0.42630462688453891     
  0.52249999999999996       0.42631132332952038     
  0.52349999999999997       0.42631554895502771     
  0.52449999999999997       0.42631618692784173     
  0.52549999999999997       0.42631459104690683     
  0.52649999999999997       0.42631219908202556     
  0.52749999999999997       0.42631186557059997     
  0.52849999999999997       0.42631364785129655     
  0.52949999999999997       0.42631649477689354     
  0.53049999999999997       0.42631678879437201     
  0.53149999999999997       0.42631570708145317     
  0.53249999999999997       0.42631472976140228     
  0.53349999999999997       0.42631569137368158     
  0.53449999999999998       0.42631783093000725     
  0.53549999999999998       0.42631932005599221     
  0.53649999999999998       0.42631914776793417     
  0.53749999999999998       0.42631670142908801     
  0.53849999999999998       0.42631206065198474     
  0.53949999999999998       0.42630929405522044     
  0.54049999999999998       0.42631015299099428     
  0.54149999999999998       0.42631367840908069     
  0.54249999999999998       0.42631892542799327     
  0.54349999999999998       0.42632257950973829     
  0.54449999999999998       0.42632200864672515     
  0.54549999999999998       0.42631908899179494     
  0.54649999999999999       0.42631427461510452     
  0.54749999999999999       0.42631077027305203     
  0.54849999999999999       0.42631071226951150     
  0.54949999999999999       0.42631161144440660     
  0.55049999999999999       0.42631266259548245     
  0.55149999999999999       0.42631341372084902     
  0.55249999999999999       0.42631406239277658     
  0.55349999999999999       0.42631560283071757     
  0.55449999999999999       0.42631681755021950     
  0.55549999999999999       0.42631723704065472     
  0.55649999999999999       0.42631687424929265     
  0.55750000000000000       0.42631513877317495     
  0.55850000000000000       0.42631185136042871     
  0.55950000000000000       0.42630886047394384     
  0.56050000000000000       0.42630889310556269     
  0.56150000000000000       0.42631259032117746     
  0.56250000000000000       0.42631695946138953     
  0.56350000000000000       0.42631955601122024     
  0.56450000000000000       0.42631891755156565     
  0.56550000000000000       0.42631306805859609     
  0.56650000000000000       0.42630862800451247     
  0.56750000000000000       0.42630877843625109     
  0.56850000000000001       0.42631130518090049     
  0.56950000000000001       0.42631705433841360     
  0.57050000000000001       0.42632128409979719     
  0.57150000000000001       0.42632162886193004     
  0.57250000000000001       0.42631868948685409     
  0.57350000000000001       0.42631296889483733     
  0.57450000000000001       0.42630944731014764     
  0.57550000000000001       0.42630926636115790     
  0.57650000000000001       0.42631246945492052     
  0.57750000000000001       0.42631665761022292     
  0.57850000000000001       0.42631877349630115     
  0.57950000000000002       0.42631828536114708     
  0.58050000000000002       0.42631658337509837     
  0.58150000000000002       0.42631425850392130     
  0.58250000000000002       0.42631196844146868     
  0.58350000000000002       0.42631077946960477     
  0.58450000000000002       0.42631035093214825     
  0.58550000000000002       0.42631042698255950     
  0.58650000000000002       0.42631136363081490     
  0.58750000000000002       0.42631409764431821     
  0.58850000000000002       0.42631807961890628     
  0.58950000000000002       0.42632084087697625     
  0.59050000000000002       0.42632129829387216     
  0.59150000000000003       0.42631799166601025     
  0.59250000000000003       0.42631099002687350     
  0.59350000000000003       0.42630669867708743     
  0.59450000000000003       0.42630616790879078     
  0.59550000000000003       0.42630949756578923     
  0.59650000000000003       0.42631718191568330     
  0.59750000000000003       0.42632134069273864     
  0.59850000000000003       0.42632061149152872     
  0.59950000000000003       0.42631353440181224     
  0.60050000000000003       0.42630738705435051     
  0.60150000000000003       0.42630635409935241     
  0.60250000000000004       0.42630792196796080     
  0.60350000000000004       0.42631398296222373     
  0.60450000000000004       0.42631853155562677     
  0.60550000000000004       0.42631927736098335     
  0.60650000000000004       0.42631504892709260     
  0.60750000000000004       0.42630693186078467     
  0.60850000000000004       0.42630241267687691     
  0.60950000000000004       0.42630244805703454     
  0.61050000000000004       0.42630614987148641     
  0.61150000000000004       0.42631000830946914     
  0.61250000000000004       0.42631230909765011     
  0.61350000000000005       0.42631385546994666     
  0.61450000000000005       0.42631352819702956     
  0.61550000000000005       0.42631001355963027     
  0.61650000000000005       0.42630812401701462     
  0.61750000000000005       0.42630913934799014     
  0.61850000000000005       0.42631106205441438     
  0.61950000000000005       0.42631061607999365     
  0.62050000000000005       0.42630941970854336     
  0.62150000000000005       0.42630969175590488     
  0.62250000000000005       0.42631152040189613     
  0.62350000000000005       0.42631074475626757     
  0.62450000000000006       0.42630720683378343     
  0.62550000000000006       0.42630186793324021     
  0.62650000000000006       0.42629808518697088     
  0.62750000000000006       0.42629495159346270     
  0.62850000000000006       0.42629464643884313     
  0.62950000000000006       0.42629989947494878     
  0.63050000000000006       0.42630850137581505     
  0.63150000000000006       0.42631182694796260     
  0.63250000000000006       0.42631082745653687     
  0.63350000000000006       0.42630068470704341     
  0.63450000000000006       0.42629462363029469     
  0.63550000000000006       0.42629292512802780     
  0.63650000000000007       0.42629425531734128     
  0.63750000000000007       0.42629991664765993     
  0.63850000000000007       0.42630614801909100     
  0.63950000000000007       0.42630815352735169     
  0.64049999999999996       0.42630418471600723     
  0.64149999999999996       0.42629244027897767     
  0.64249999999999996       0.42628648676319103     
  0.64349999999999996       0.42628718356832324     
  0.64449999999999996       0.42629080923274637     
  0.64549999999999996       0.42629259677386028     
  0.64649999999999996       0.42629249681059861     
  0.64749999999999996       0.42629170908820235     
  0.64849999999999997       0.42628308821792232     
  0.64949999999999997       0.42627222548016608     
  0.65049999999999997       0.42626877927407847     
  0.65149999999999997       0.42626977340515043     
  0.65249999999999997       0.42627096143363680     
  0.65349999999999997       0.42627023611313808     
  0.65449999999999997       0.42626652908324231     
  0.65549999999999997       0.42626378858521469     
  0.65649999999999997       0.42625700979006592     
  0.65749999999999997       0.42624932049460734     
  0.65849999999999997       0.42624376503246680     
  0.65949999999999998       0.42624005471043508     
  0.66049999999999998       0.42623662391220685     
  0.66149999999999998       0.42623018939702217     
  0.66249999999999998       0.42622520844472916     
  0.66349999999999998       0.42621924690028840     
  0.66449999999999998       0.42621694764905205     
  0.66549999999999998       0.42620030188501334     
  0.66649999999999998       0.42618459084489030     
  0.66749999999999998       0.42615269492291535     
  0.66849999999999998       0.42612476816058376     
  0.66949999999999998       0.42608547876493424     
  0.67049999999999998       0.42604110204383033     
  0.67149999999999999       0.42597716662701912     
  0.67249999999999999       0.42588155645620590     
  0.67349999999999999       0.42569921183397419     
  0.67449999999999999       0.42542695400915270     
  0.67549999999999999       0.42496099247880226     
  0.67649999999999999       0.42422873126776289     
  0.67749999999999999       0.42303147493998033     
  0.67849999999999999       0.42109002204283114     
  0.67949999999999999       0.41794657379778610     
  0.68049999999999999       0.41307532369687916     
  0.68149999999999999       0.40592046480783756     
  0.68250000000000000       0.39598161846638558     
  0.68350000000000000       0.38288401738711814     
  0.68450000000000000       0.36652970610209090     
  0.68550000000000000       0.34722869912066584     
  0.68650000000000000       0.32583238788146002     
  0.68750000000000000       0.30399048968608589     
  0.68850000000000000       0.28467033935692504     
  0.68950000000000000       0.27249282037806799     
  0.69050000000000000       0.26776249873704450     
  0.69150000000000000       0.26609194917026197     
  0.69250000000000000       0.26550316557575515     
  0.69350000000000001       0.26527094098848952     
  0.69450000000000001       0.26516474186780109     
  0.69550000000000001       0.26509780761568791     
  0.69650000000000001       0.26503638121728540     
  0.69750000000000001       0.26500846688721214     
  0.69850000000000001       0.26503510141655628     
  0.69950000000000001       0.26510062432553338     
  0.70050000000000001       0.26522634880551860     
  0.70150000000000001       0.26537534813059066     
  0.70250000000000001       0.26551736827307831     
  0.70350000000000001       0.26559683976894954     
  0.70450000000000002       0.26562239924440628     
  0.70550000000000002       0.26563092095709062     
  0.70650000000000002       0.26562200935267549     
  0.70750000000000002       0.26558606707355320     
  0.70850000000000002       0.26555055751167372     
  0.70950000000000002       0.26554038784065453     
  0.71050000000000002       0.26553767227603409     
  0.71150000000000002       0.26554111096484184     
  0.71250000000000002       0.26555781909366577     
  0.71350000000000002       0.26557723419480506     
  0.71450000000000002       0.26558231997272769     
  0.71550000000000002       0.26558136433127938     
  0.71650000000000003       0.26557698125076562     
  0.71750000000000003       0.26556692372045915     
  0.71850000000000003       0.26555370265140615     
  0.71950000000000003       0.26554954682535475     
  0.72050000000000003       0.26555260467337621     
  0.72150000000000003       0.26555798468975728     
  0.72250000000000003       0.26556640916950019     
  0.72350000000000003       0.26557761688265080     
  0.72450000000000003       0.26558314438650277     
  0.72550000000000003       0.26558196047889460     
  0.72650000000000003       0.26557908371475197     
  0.72750000000000004       0.26557470407413414     
  0.72850000000000004       0.26556809306289930     
  0.72950000000000004       0.26556316216020437     
  0.73050000000000004       0.26556341807327433     
  0.73150000000000004       0.26556554119799070     
  0.73250000000000004       0.26556809221416805     
  0.73350000000000004       0.26557189973731937     
  0.73450000000000004       0.26557590790791602     
  0.73550000000000004       0.26557681353059265     
  0.73650000000000004       0.26557615064439327     
  0.73750000000000004       0.26557595076391644     
  0.73850000000000005       0.26557489950845942     
  0.73950000000000005       0.26557199791017377     
  0.74050000000000005       0.26557012964425969     
  0.74150000000000005       0.26556980576387662     
  0.74250000000000005       0.26556898303509646     
  0.74350000000000005       0.26556892329846171     
  0.74450000000000005       0.26557075924016188     
  0.74550000000000005       0.26557345432744012     
  0.74650000000000005       0.26557521094876546     
  0.74750000000000005       0.26557691882488665     
  0.74850000000000005       0.26557788722739600     
  0.74950000000000006       0.26557691606310813     
  0.75050000000000006       0.26557479285126578     
  0.75150000000000006       0.26557263207639065     
  0.75250000000000006       0.26557066417420078     
  0.75350000000000006       0.26556955785412834     
  0.75450000000000006       0.26557067373757720     
  0.75550000000000006       0.26557294989562130     
  0.75650000000000006       0.26557568648471203     
  0.75750000000000006       0.26557787706377739     
  0.75850000000000006       0.26557889638792970     
  0.75950000000000006       0.26557760809653747     
  0.76050000000000006       0.26557528767921829     
  0.76150000000000007       0.26557253336040132     
  0.76250000000000007       0.26557061964751755     
  0.76350000000000007       0.26557007784708636     
  0.76450000000000007       0.26557127512179041     
  0.76550000000000007       0.26557318686684578     
  0.76650000000000007       0.26557505784828450     
  0.76750000000000007       0.26557618568367342     
  0.76849999999999996       0.26557572928800482     
  0.76949999999999996       0.26557421807854781     
  0.77049999999999996       0.26557254646561407     
  0.77149999999999996       0.26557150467311597     
  0.77249999999999996       0.26557130582791505     
  0.77349999999999997       0.26557254002820851     
  0.77449999999999997       0.26557430140144028     
  0.77549999999999997       0.26557544474321870     
  0.77649999999999997       0.26557590159906524     
  0.77749999999999997       0.26557531791030137     
  0.77849999999999997       0.26557368614865090     
  0.77949999999999997       0.26557174713310033     
  0.78049999999999997       0.26557103350282540     
  0.78149999999999997       0.26557121215040169     
  0.78249999999999997       0.26557271923893760     
  0.78349999999999997       0.26557458520542254     
  0.78449999999999998       0.26557587123396770     
  0.78549999999999998       0.26557612411045262     
  0.78649999999999998       0.26557553553798779     
  0.78749999999999998       0.26557342945665480     
  0.78849999999999998       0.26557169004445197     
  0.78949999999999998       0.26557107012622855     
  0.79049999999999998       0.26557112146645151     
  0.79149999999999998       0.26557218588402881     
  0.79249999999999998       0.26557371533941604     
  0.79349999999999998       0.26557435671550161     
  0.79449999999999998       0.26557428726824789     
  0.79549999999999998       0.26557359919641238     
  0.79649999999999999       0.26557228189438392     
  0.79749999999999999       0.26557174666530764     
  0.79849999999999999       0.26557241539271348     
  0.79949999999999999       0.26557356020020689     
  0.80049999999999999       0.26557558286815647     
  0.80149999999999999       0.26557661036178842     
  0.80249999999999999       0.26557663144576249     
  0.80349999999999999       0.26557588520105008     
  0.80449999999999999       0.26557359159375321     
  0.80549999999999999       0.26557121733484418     
  0.80649999999999999       0.26556998070497251     
  0.80750000000000000       0.26557033197500446     
  0.80850000000000000       0.26557198213124816     
  0.80950000000000000       0.26557535318129993     
  0.81050000000000000       0.26557718006339964     
  0.81150000000000000       0.26557789006131144     
  0.81250000000000000       0.26557717860453395     
  0.81350000000000000       0.26557486527960306     
  0.81450000000000000       0.26557139539262620     
  0.81550000000000000       0.26556932354562562     
  0.81650000000000000       0.26556890765570546     
  0.81750000000000000       0.26557015276096435     
  0.81850000000000001       0.26557294618223520     
  0.81950000000000001       0.26557516926376679     
  0.82050000000000001       0.26557623891830001     
  0.82150000000000001       0.26557614765528970     
  0.82250000000000001       0.26557442353570931     
  0.82350000000000001       0.26557257608799067     
  0.82450000000000001       0.26557174781508436     
  0.82550000000000001       0.26557278892366443     
  0.82650000000000001       0.26557437346982948     
  0.82750000000000001       0.26557569896736227     
  0.82850000000000001       0.26557735853975206     
  0.82950000000000002       0.26557849210904794     
  0.83050000000000002       0.26557633973260714     
  0.83150000000000002       0.26557529289708698     
  0.83250000000000002       0.26557173496602038     
  0.83350000000000002       0.26557168414290822     
  0.83450000000000002       0.26556941577368970     
  0.83550000000000002       0.26558143994883182     
  0.83650000000000002       0.26556764097958913     
  0.83750000000000002       0.26558979831513424     
  0.83850000000000002       0.26556306090949644     
  0.83950000000000002       0.26559840403827650     
  0.84050000000000002       0.26551297253258449     
  0.84150000000000003       0.26564988937483541     
  0.84250000000000003       0.26541201378509166     
  0.84350000000000003       0.26572439089841549     
  0.84450000000000003       0.26523087426738901     
  0.84550000000000003       0.26596271899888185     
  0.84650000000000003       0.26465742769212158     
  0.84750000000000003       0.26547162428593024     
  0.84850000000000003       0.26150719378987342     
  0.84950000000000003       0.25062788395143581     
  0.85050000000000003       0.20968291784229839     
  0.85150000000000003       0.14651791644022649     
  0.85250000000000004       0.12743170691403286     
  0.85350000000000004       0.12523802305502099     
  0.85450000000000004       0.12502255238883286     
  0.85550000000000004       0.12500211292929833     
  0.85650000000000004       0.12500019736213597     
  0.85750000000000004       0.12500001842955957     
  0.85850000000000004       0.12500000172084405     
  0.85950000000000004       0.12500000016067916     
  0.86050000000000004       0.12500000001500269     
  0.86150000000000004       0.12500000000140077     
  0.86250000000000004       0.12500000000013076     
  0.86350000000000005       0.12500000000001221     
  0.86450000000000005       0.12500000000000114     
  0.86550000000000005       0.12500000000000011     
  0.86650000000000005       0.12500000000000000     
  0.86750000000000005       0.12500000000000000     
  0.86850000000000005       0.12500000000000000     
  0.86950000000000005       0.12500000000000000     
  0.87050000000000005       0.12500000000000000     
  0.87150000000000005       0.12500000000000000     
  0.87250000000000005       0.12500000000000000     
  0.87350000000000005       0.12500000000000000     
  0.87450000000000006       0.12500000000000000     
  0.87550000000000006       0.12500000000000000     
  0.87650000000000006       0.12500000000000000     
  0.87750000000000006       0.12500000000000000     
  0.87850000000000006       0.12500000000000000     
  0.87950000000000006       0.12500000000000000     
  0.88050000000000006       0.12500000000000000     
  0.88150000000000006       0.12500000000000000     
  0.88250000000000006       0.12500000000000000     
  0.88350000000000006       0.12500000000000000     
  0.88450000000000006       0.12500000000000000     
  0.88550000000000006       0.12500000000000000     
  0.88650000000000007       0.12500000000000000     
  0.88750000000000007       0.12500000000000000     
  0.88850000000000007       0.12500000000000000     
  0.88950000000000007       0.12500000000000000     
  0.89050000000000007       0.12500000000000000     
  0.89150000000000007       0.12500000000000000     
  0.89250000000000007       0.12500000000000000     
  0.89350000000000007       0.12500000000000000     
  0.89450000000000007       0.12500000000000000     
  0.89550000000000007       0.12500000000000000     
  0.89649999999999996       0.12500000000000000     
  0.89749999999999996       0.12500000000000000     
  0.89849999999999997       0.12500000000000000     
  0.89949999999999997       0.12500000000000000     
  0.90049999999999997       0.12500000000000000     
  0.90149999999999997       0.12500000000000000     
  0.90249999999999997       0.12500000000000000     
  0.90349999999999997       0.12500000000000000     
  0.90449999999999997       0.12500000000000000     
  0.90549999999999997       0.12500000000000000     
  0.90649999999999997       0.12500000000000000     
  0.90749999999999997       0.12500000000000000     
  0.90849999999999997       0.12500000000000000     
  0.90949999999999998       0.12500000000000000     
  0.91049999999999998       0.12500000000000000     
  0.91149999999999998       0.12500000000000000     
  0.91249999999999998       0.12500000000000000     
  0.91349999999999998       0.12500000000000000     
  0.91449999999999998       0.12500000000000000     
  0.91549999999999998       0.12500000000000000     
  0.91649999999999998       0.12500000000000000     
  0.91749999999999998       0.12500000000000000     
  0.91849999999999998       0.12500000000000000     
  0.91949999999999998       0.12500000000000000     
  0.92049999999999998       0.12500000000000000     
  0.92149999999999999       0.12500000000000000     
  0.92249999999999999       0.12500000000000000     
  0.92349999999999999       0.12500000000000000     
  0.92449999999999999       0.12500000000000000     
  0.92549999999999999       0.12500000000000000     
  0.92649999999999999       0.12500000000000000     
  0.92749999999999999       0.12500000000000000     
  0.92849999999999999       0.12500000000000000     
  0.92949999999999999       0.12500000000000000     
  0.93049999999999999       0.12500000000000000     
  0.93149999999999999       0.12500000000000000     
  0.93250000000000000       0.12500000000000000     
  0.93350000000000000       0.12500000000000000     
  0.93450000000000000       0.12500000000000000     
  0.93550000000000000       0.12500000000000000     
  0.93650000000000000       0.12500000000000000     
  0.93750000000000000       0.12500000000000000     
  0.93850000000000000       0.12500000000000000     
  0.93950000000000000       0.12500000000000000     
  0.94050000000000000       0.12500000000000000     
  0.94150000000000000       0.12500000000000000     
  0.94250000000000000       0.12500000000000000     
  0.94350000000000001       0.12500000000000000     
  0.94450000000000001       0.12500000000000000     
  0.94550000000000001       0.12500000000000000     
  0.94650000000000001       0.12500000000000000     
  0.94750000000000001       0.12500000000000000     
  0.94850000000000001       0.12500000000000000     
  0.94950000000000001       0.12500000000000000     
  0.95050000000000001       0.12500000000000000     
  0.95150000000000001       0.12500000000000000     
  0.95250000000000001       0.12500000000000000     
  0.95350000000000001       0.12500000000000000     
  0.95450000000000002       0.12500000000000000     
  0.95550000000000002       0.12500000000000000     
  0.95650000000000002       0.12500000000000000     
  0.95750000000000002       0.12500000000000000     
  0.95850000000000002       0.12500000000000000     
  0.95950000000000002       0.12500000000000000     
  0.96050000000000002       0.12500000000000000     
  0.96150000000000002       0.12500000000000000     
  0.96250000000000002       0.12500000000000000     
  0.96350000000000002       0.12500000000000000     
  0.96450000000000002       0.12500000000000000     
  0.96550000000000002       0.12500000000000000     
  0.96650000000000003       0.12500000000000000     
  0.96750000000000003       0.12500000000000000     
  0.96850000000000003       0.12500000000000000     
  0.96950000000000003       0.12500000000000000     
  0.97050000000000003       0.12500000000000000     
  0.97150000000000003       0.12500000000000000     
  0.97250000000000003       0.12500000000000000     
  0.97350000000000003       0.12500000000000000     
  0.97450000000000003       0.12500000000000000     
  0.97550000000000003       0.12500000000000000     
  0.97650000000000003       0.12500000000000000     
  0.97750000000000004       0.12500000000000000     
  0.97850000000000004       0.12500000000000000     
  0.97950000000000004       0.12500000000000000     
  0.98050000000000004       0.12500000000000000     
  0.98150000000000004       0.12500000000000000     
  0.98250000000000004       0.12500000000000000     
  0.98350000000000004       0.12500000000000000     
  0.98450000000000004       0.12500000000000000     
  0.98550000000000004       0.12500000000000000     
  0.98650000000000004       0.12500000000000000     
  0.98750000000000004       0.12500000000000000     
  0.98850000000000005       0.12500000000000000     
  0.98950000000000005       0.12500000000000000     
  0.99050000000000005       0.12500000000000000     
  0.99150000000000005       0.12500000000000000     
  0.99250000000000005       0.12500000000000000     
  0.99350000000000005       0.12500000000000000     
  0.99450000000000005       0.12500000000000000     
  0.99550000000000005       0.12500000000000000     
  0.99650000000000005       0.12500000000000000     
  0.99750000000000005       0.12500000000000000     
  0.99850000000000005       0.12500000000000000     
  0.99950000000000006       0.12500000000000000     
