  -4.4954999999999998        3.8571430000000002     
  -4.4865000000000004        3.8571430000000002     
  -4.4775000000000000        3.8571430000000002     
  -4.4684999999999997        3.8571430000000002     
  -4.4595000000000002        3.8571430000000002     
  -4.4504999999999999        3.8571430000000002     
  -4.4414999999999996        3.8571430000000002     
  -4.4325000000000001        3.8571430000000002     
  -4.4234999999999998        3.8571430000000002     
  -4.4145000000000003        3.8571430000000002     
  -4.4055000000000000        3.8571430000000002     
  -4.3964999999999996        3.8571430000000002     
  -4.3875000000000002        3.8571430000000002     
  -4.3784999999999998        3.8571430000000002     
  -4.3695000000000004        3.8571430000000002     
  -4.3605000000000000        3.8571430000000002     
  -4.3514999999999997        3.8571430000000002     
  -4.3425000000000002        3.8571430000000002     
  -4.3334999999999999        3.8571430000000002     
  -4.3245000000000005        3.8571430000000002     
  -4.3155000000000001        3.8571430000000002     
  -4.3064999999999998        3.8571430000000002     
  -4.2975000000000003        3.8571430000000002     
  -4.2885000000000000        3.8571430000000002     
  -4.2794999999999996        3.8571430000000002     
  -4.2705000000000002        3.8571430000000002     
  -4.2614999999999998        3.8571430000000002     
  -4.2525000000000004        3.8571430000000002     
  -4.2435000000000000        3.8571430000000002     
  -4.2344999999999997        3.8571430000000002     
  -4.2255000000000003        3.8571430000000002     
  -4.2164999999999999        3.8571430000000002     
  -4.2074999999999996        3.8571430000000002     
  -4.1985000000000001        3.8571430000000002     
  -4.1894999999999998        3.8571430000000002     
  -4.1805000000000003        3.8571430000000002     
  -4.1715000000000000        3.8571430000000002     
  -4.1624999999999996        3.8571430000000002     
  -4.1535000000000002        3.8571430000000002     
  -4.1444999999999999        3.8571430000000002     
  -4.1355000000000004        3.8571430000000002     
  -4.1265000000000001        3.8571430000000002     
  -4.1174999999999997        3.8571430000000002     
  -4.1085000000000003        3.8571430000000002     
  -4.0994999999999999        3.8571430000000002     
  -4.0905000000000005        3.8571430000000002     
  -4.0815000000000001        3.8571430000000002     
  -4.0724999999999998        3.8571430000000002     
  -4.0635000000000003        3.8571430000000002     
  -4.0545000000000000        3.8571430000000002     
  -4.0454999999999997        3.8571430000000002     
  -4.0365000000000002        3.8571430000000002     
  -4.0274999999999999        3.8571430000000002     
  -4.0185000000000004        3.8571430000000002     
  -4.0095000000000001        3.8571430000000002     
  -4.0004999999999997        3.8571429999999958     
  -3.9915000000000003        3.8571429999999900     
  -3.9824999999999999        3.8571429999999842     
  -3.9735000000000000        3.8571429999999793     
  -3.9645000000000001        3.8571429999999736     
  -3.9554999999999998        3.8571429999999682     
  -3.9464999999999999        3.8571429999999629     
  -3.9375000000000000        3.8571429999999580     
  -3.9285000000000001        3.8571429999999522     
  -3.9195000000000002        3.8571429999999469     
  -3.9104999999999999        3.8571429999999420     
  -3.9015000000000000        3.8571429999999367     
  -3.8925000000000001        3.8571429999999296     
  -3.8835000000000002        3.8571429999999238     
  -3.8745000000000003        3.8571429999999176     
  -3.8654999999999999        3.8571429999999132     
  -3.8565000000000000        3.8571429999999078     
  -3.8475000000000001        3.8571429999999012     
  -3.8384999999999998        3.8571429999998945     
  -3.8294999999999999        3.8571429999998887     
  -3.8205000000000000        3.8571429999998812     
  -3.8115000000000001        3.8571429999998750     
  -3.8025000000000002        3.8571429999998692     
  -3.7934999999999999        3.8571429999998621     
  -3.7845000000000000        3.8571429999998554     
  -3.7755000000000001        3.8571429999998492     
  -3.7665000000000002        3.8571429999998412     
  -3.7575000000000003        3.8571429999998350     
  -3.7484999999999999        3.8571429999998279     
  -3.7395000000000000        3.8571429999998212     
  -3.7305000000000001        3.8571429999998146     
  -3.7214999999999998        3.8571429999998106     
  -3.7124999999999999        3.8571429999998053     
  -3.7035000000000000        3.8571429999998013     
  -3.6945000000000001        3.8571429999997946     
  -3.6855000000000002        3.8571429999997888     
  -3.6764999999999999        3.8571429999997822     
  -3.6675000000000000        3.8571429999997755     
  -3.6585000000000001        3.8571429999997693     
  -3.6495000000000002        3.8571429999997622     
  -3.6405000000000003        3.8571429999997537     
  -3.6315000000000000        3.8571429999997480     
  -3.6225000000000001        3.8571429999997418     
  -3.6135000000000002        3.8571429999997373     
  -3.6044999999999998        3.8571429999997320     
  -3.5954999999999999        3.8571429999997267     
  -3.5865000000000000        3.8571429999997195     
  -3.5775000000000001        3.8571429999997124     
  -3.5685000000000002        3.8571429999997071     
  -3.5594999999999999        3.8571429999997018     
  -3.5505000000000000        3.8571429999996956     
  -3.5415000000000001        3.8571429999996898     
  -3.5325000000000002        3.8571429999996831     
  -3.5235000000000003        3.8571429999996778     
  -3.5145000000000000        3.8571429999996725     
  -3.5055000000000001        3.8571429999996698     
  -3.4965000000000002        3.8571429999996631     
  -3.4874999999999998        3.8571429999996574     
  -3.4785000000000004        3.8571429999996525     
  -3.4695000000000000        3.8571429999996458     
  -3.4605000000000001        3.8571429999996396     
  -3.4515000000000002        3.8571429999996343     
  -3.4424999999999999        3.8571429999996290     
  -3.4335000000000000        3.8571429999996218     
  -3.4245000000000001        3.8571429999996147     
  -3.4154999999999998        3.8571429999996099     
  -3.4065000000000003        3.8571429999996023     
  -3.3975000000000000        3.8571429999995970     
  -3.3885000000000001        3.8571429999995899     
  -3.3795000000000002        3.8571429999995837     
  -3.3704999999999998        3.8571429999995779     
  -3.3615000000000004        3.8571429999995721     
  -3.3525000000000000        3.8571429999995672     
  -3.3435000000000001        3.8571429999995623     
  -3.3345000000000002        3.8571429999995597     
  -3.3254999999999999        3.8571429999995566     
  -3.3165000000000000        3.8571429999995561     
  -3.3075000000000001        3.8571429999995561     
  -3.2984999999999998        3.8571429999995561     
  -3.2895000000000003        3.8571429999995561     
  -3.2805000000000000        3.8571429999995561     
  -3.2715000000000001        3.8571429999995561     
  -3.2625000000000002        3.8571429999995561     
  -3.2534999999999998        3.8571429999995561     
  -3.2445000000000004        3.8571429999995561     
  -3.2355000000000000        3.8571429999995561     
  -3.2265000000000001        3.8571429999995561     
  -3.2175000000000002        3.8571429999995561     
  -3.2084999999999999        3.8571429999995561     
  -3.1995000000000000        3.8571429999995561     
  -3.1905000000000001        3.8571429999995561     
  -3.1814999999999998        3.8571429999995561     
  -3.1725000000000003        3.8571429999995561     
  -3.1635000000000000        3.8571429999995561     
  -3.1545000000000001        3.8571429999995561     
  -3.1455000000000002        3.8571429999995561     
  -3.1364999999999998        3.8571429999995561     
  -3.1275000000000004        3.8571429999995508     
  -3.1185000000000000        3.8571429999995250     
  -3.1095000000000002        3.8571429999994451     
  -3.1005000000000003        3.8571429999992444     
  -3.0914999999999999        3.8571429999987377     
  -3.0825000000000000        3.8571429999975035     
  -3.0735000000000001        3.8571429999945455     
  -3.0644999999999998        3.8571429999875746     
  -3.0555000000000003        3.8571429999714102     
  -3.0465000000000000        3.8571429999345033     
  -3.0375000000000001        3.8571429998514506     
  -3.0285000000000002        3.8571429996672140     
  -3.0194999999999999        3.8571429992642696     
  -3.0105000000000004        3.8571429983953140     
  -3.0015000000000001        3.8571429965475335     
  -2.9925000000000002        3.8571429926729786     
  -2.9835000000000003        3.8571429846612659     
  -2.9744999999999999        3.8571429683242138     
  -2.9655000000000000        3.8571429354708200     
  -2.9565000000000001        3.8571428703139787     
  -2.9474999999999998        3.8571427428666083     
  -2.9385000000000003        3.8571424969912047     
  -2.9295000000000000        3.8571420291046192     
  -2.9205000000000001        3.8571411508048752     
  -2.9115000000000002        3.8571395242585882     
  -2.9024999999999999        3.8571365521230176     
  -2.8935000000000004        3.8571311926531902     
  -2.8845000000000001        3.8571216533127388     
  -2.8755000000000002        3.8571048893876152     
  -2.8665000000000003        3.8570757926744168     
  -2.8574999999999999        3.8570258910063129     
  -2.8485000000000000        3.8569412781935495     
  -2.8395000000000001        3.8567993309336384     
  -2.8304999999999998        3.8565634975325960     
  -2.8215000000000003        3.8561749693932463     
  -2.8125000000000000        3.8555416293052516     
  -2.8035000000000001        3.8545587920934188     
  -2.7945000000000002        3.8531273036499623     
  -2.7854999999999999        3.8511557802455836     
  -2.7765000000000004        3.8485739190849606     
  -2.7675000000000001        3.8453416579512667     
  -2.7585000000000002        3.8414526221158698     
  -2.7495000000000003        3.8369317839998520     
  -2.7404999999999999        3.8318287520323424     
  -2.7315000000000000        3.8262089231400522     
  -2.7225000000000001        3.8201446591040225     
  -2.7135000000000002        3.8137079935753220     
  -2.7045000000000003        3.8069655258730486     
  -2.6955000000000000        3.7999753376407455     
  -2.6865000000000001        3.7927851180063463     
  -2.6775000000000002        3.7854308528758693     
  -2.6684999999999999        3.7779384786158734     
  -2.6595000000000004        3.7703381567986063     
  -2.6505000000000001        3.7627007396150720     
  -2.6415000000000002        3.7551541824917787     
  -2.6325000000000003        3.7476924495516006     
  -2.6234999999999999        3.7395474207305344     
  -2.6145000000000000        3.7287226980371764     
  -2.6055000000000001        3.7147953468053854     
  -2.5965000000000003        3.7071461642507173     
  -2.5875000000000004        3.7072371963275912     
  -2.5785000000000000        3.7130070558164490     
  -2.5695000000000001        3.7385997200101078     
  -2.5605000000000002        3.8163347651194237     
  -2.5514999999999999        3.9654391724763465     
  -2.5425000000000004        4.0560942924270895     
  -2.5335000000000001        4.0732428922820736     
  -2.5245000000000002        4.0771812045603886     
  -2.5155000000000003        4.0784441079443576     
  -2.5065000000000000        4.0787736962209253     
  -2.4975000000000001        4.0787437279501679     
  -2.4885000000000002        4.0782961526847741     
  -2.4795000000000003        4.0770622613964687     
  -2.4705000000000004        4.0750639908982009     
  -2.4615000000000000        4.0723575809325050     
  -2.4525000000000001        4.0689286510049403     
  -2.4435000000000002        4.0651435617894727     
  -2.4345000000000003        4.0614783144079176     
  -2.4255000000000000        4.0581072538587355     
  -2.4165000000000001        4.0549087322156332     
  -2.4075000000000002        4.0517028000332607     
  -2.3985000000000003        4.0483760617293507     
  -2.3895000000000000        4.0448180133600351     
  -2.3805000000000001        4.0408861808604017     
  -2.3715000000000002        4.0365239586379165     
  -2.3625000000000003        4.0318839059284715     
  -2.3535000000000004        4.0272519123668173     
  -2.3445000000000000        4.0228485295368142     
  -2.3355000000000001        4.0186956297978798     
  -2.3265000000000002        4.0146538988849665     
  -2.3175000000000003        4.0105590065901078     
  -2.3085000000000000        4.0062938796316585     
  -2.2995000000000001        4.0017819146516045     
  -2.2905000000000002        3.9969766774092590     
  -2.2815000000000003        3.9918905657937889     
  -2.2725000000000000        3.9866228725921267     
  -2.2635000000000001        3.9813327256551023     
  -2.2545000000000002        3.9761658293427860     
  -2.2455000000000003        3.9711889606674471     
  -2.2365000000000004        3.9663697641288356     
  -2.2275000000000000        3.9616010944061579     
  -2.2185000000000001        3.9567486555914382     
  -2.2095000000000002        3.9517006905288254     
  -2.2005000000000003        3.9464053338292495     
  -2.1915000000000000        3.9408867432406400     
  -2.1825000000000001        3.9352355616744892     
  -2.1735000000000002        3.9295757332459949     
  -2.1645000000000003        3.9240185238839338     
  -2.1555000000000000        3.9186215006828107     
  -2.1465000000000001        3.9133695875992394     
  -2.1375000000000002        3.9081857268644895     
  -2.1285000000000003        3.9029650982622308     
  -2.1195000000000004        3.8976170386359517     
  -2.1105000000000000        3.8920975187146012     
  -2.1015000000000001        3.8864213200598878     
  -2.0925000000000002        3.8806522503762610     
  -2.0835000000000004        3.8748773929221456     
  -2.0745000000000000        3.8691755111149324     
  -2.0655000000000001        3.8635903565594547     
  -2.0565000000000002        3.8581173767334183     
  -2.0475000000000003        3.8527077764982773     
  -2.0385000000000000        3.8472880383438599     
  -2.0295000000000001        3.8417876140870391     
  -2.0205000000000002        3.8361646266735896     
  -2.0115000000000003        3.8304203310770610     
  -2.0025000000000004        3.8245974646854890     
  -1.9935000000000000        3.8187636935219054     
  -1.9845000000000002        3.8129867514747793     
  -1.9755000000000003        3.8073106080147348     
  -1.9665000000000004        3.8017412208944905     
  -1.9575000000000000        3.7962465806177401     
  -1.9485000000000001        3.7907703618949271     
  -1.9395000000000002        3.7852536028949006     
  -1.9305000000000003        3.7796562220488839     
  -1.9215000000000000        3.7739707024661384     
  -1.9125000000000001        3.7682235364248218     
  -1.9035000000000002        3.7624646362660372     
  -1.8945000000000003        3.7567491231714683     
  -1.8855000000000004        3.7511182662942031     
  -1.8765000000000001        3.7455862093809444     
  -1.8675000000000002        3.7401367349297048     
  -1.8585000000000003        3.7347306398632498     
  -1.8495000000000004        3.7293206490631987     
  -1.8405000000000000        3.7238684031323417     
  -1.8315000000000001        3.7183576635216684     
  -1.8225000000000002        3.7127995013984272     
  -1.8135000000000003        3.7072282062403565     
  -1.8045000000000000        3.7016898750960565     
  -1.7955000000000001        3.6962280059323755     
  -1.7865000000000002        3.6908711517949850     
  -1.7775000000000003        3.6856266262057900     
  -1.7685000000000004        3.6804818511226123     
  -1.7595000000000001        3.6754121488773186     
  -1.7505000000000002        3.6703916278313109     
  -1.7415000000000003        3.6654030620092795     
  -1.7325000000000004        3.6604434886708339     
  -1.7235000000000000        3.6555241320795173     
  -1.7145000000000001        3.6506654329488506     
  -1.7055000000000002        3.6458896637546796     
  -1.6965000000000003        3.6412136289915558     
  -1.6875000000000000        3.6366436714057837     
  -1.6785000000000001        3.6321733626484458     
  -1.6695000000000002        3.6277816038265027     
  -1.6605000000000003        3.6234355851170226     
  -1.6515000000000004        3.6190751910724455     
  -1.6425000000000001        3.6146162113128786     
  -1.6335000000000002        3.6100161803947661     
  -1.6245000000000003        3.6051426596399097     
  -1.6155000000000004        3.6014282946704310     
  -1.6065000000000000        3.6003487598984307     
  -1.5975000000000001        3.6001476171050828     
  -1.5885000000000002        3.6003333484247815     
  -1.5795000000000003        3.6015554016282114     
  -1.5705000000000000        3.6063909031730508     
  -1.5615000000000001        3.6230698373301151     
  -1.5525000000000002        3.6757982929900757     
  -1.5435000000000003        3.8131991601272479     
  -1.5345000000000004        3.9880922696064443     
  -1.5255000000000001        4.0600493813082528     
  -1.5165000000000002        4.0749527911148382     
  -1.5075000000000003        4.0782946622431568     
  -1.4985000000000004        4.0782223524743664     
  -1.4895000000000000        4.0781775640456663     
  -1.4805000000000001        4.0788088245873046     
  -1.4715000000000003        4.0797437073494551     
  -1.4625000000000004        4.0807210602054624     
  -1.4535000000000000        4.0808123085246866     
  -1.4445000000000001        4.0802258567645247     
  -1.4355000000000002        4.0791584438934647     
  -1.4265000000000003        4.0775692202849569     
  -1.4175000000000004        4.0753327492814453     
  -1.4085000000000001        4.0724439824036720     
  -1.3995000000000002        4.0692791251405813     
  -1.3905000000000003        4.0662497201066694     
  -1.3815000000000004        4.0631941887581364     
  -1.3725000000000001        4.0600152857406009     
  -1.3635000000000002        4.0566359912700776     
  -1.3545000000000003        4.0529440476018932     
  -1.3455000000000004        4.0488517901493619     
  -1.3365000000000000        4.0444461545229764     
  -1.3275000000000001        4.0398931080538825     
  -1.3185000000000002        4.0353057795762970     
  -1.3095000000000003        4.0307451378270702     
  -1.3005000000000004        4.0262043673455796     
  -1.2915000000000001        4.0216065934281646     
  -1.2825000000000002        4.0168446033288845     
  -1.2735000000000003        4.0118397348808168     
  -1.2645000000000004        4.0065825440716232     
  -1.2555000000000001        4.0011342747218981     
  -1.2465000000000002        3.9955932379960131     
  -1.2375000000000003        3.9900476261781139     
  -1.2285000000000004        3.9845391818440539     
  -1.2195000000000000        3.9790528434404542     
  -1.2105000000000001        3.9735330431514826     
  -1.2015000000000002        3.9679152440833163     
  -1.1925000000000003        3.9621564228235790     
  -1.1835000000000004        3.9562513189170150     
  -1.1745000000000001        3.9502295783711556     
  -1.1655000000000002        3.9441379453501946     
  -1.1565000000000003        3.9380175238627841     
  -1.1475000000000004        3.9318869549108730     
  -1.1385000000000001        3.9257384903271948     
  -1.1295000000000002        3.9195474605677281     
  -1.1205000000000003        3.9132894348795428     
  -1.1115000000000004        3.9069561371429806     
  -1.1025000000000000        3.9005622763406156     
  -1.0935000000000001        3.8941402519420625     
  -1.0845000000000002        3.8877257892753190     
  -1.0755000000000003        3.8813419105092355     
  -1.0665000000000004        3.8749891574172648     
  -1.0575000000000001        3.8686465802849450     
  -1.0485000000000002        3.8622825989444629     
  -1.0395000000000003        3.8558701994369859     
  -1.0305000000000004        3.8493992206430359     
  -1.0215000000000001        3.8428802751350322     
  -1.0125000000000002        3.8363390159180377     
  -1.0035000000000003        3.8298039073786523     
 -0.99450000000000038        3.8232933611291990     
 -0.98550000000000049        3.8168079954975607     
 -0.97650000000000015        3.8103311464076275     
 -0.96750000000000025        3.8038369586639758     
 -0.95850000000000035        3.7973021678749181     
 -0.94950000000000045        3.7907163833102882     
 -0.94050000000000011        3.7840866971611420     
 -0.93150000000000022        3.7774351503057044     
 -0.92250000000000032        3.7707906859351383     
 -0.91350000000000042        3.7641793640059693     
 -0.90450000000000008        3.7576169597346585     
 -0.89550000000000018        3.7511066424084434     
 -0.88650000000000029        3.7446420101580049     
 -0.87750000000000039        3.7382134792976767     
 -0.86850000000000049        3.7318148508825928     
 -0.85950000000000015        3.7254471850834912     
 -0.85050000000000026        3.7191186149633979     
 -0.84150000000000036        3.7128406594971088     
 -0.83250000000000046        3.7066230852032045     
 -0.82350000000000012        3.7004698264313585     
 -0.81450000000000022        3.6943778123838538     
 -0.80550000000000033        3.6883391554519491     
 -0.79650000000000043        3.6823456858679644     
 -0.78750000000000009        3.6763938946642427     
 -0.77850000000000019        3.6704883062239992     
 -0.76950000000000029        3.6646420934778239     
 -0.76050000000000040        3.6588749688437123     
 -0.75150000000000050        3.6532095369144315     
 -0.74250000000000016        3.6476678133886491     
 -0.73350000000000026        3.6422692320236014     
 -0.72450000000000037        3.6370301005901386     
 -0.71550000000000047        3.6319631851789147     
 -0.70650000000000013        3.6270741953268462     
 -0.69750000000000023        3.6223509137074417     
 -0.68850000000000033        3.6177478257319593     
 -0.67950000000000044        3.6131776994471223     
 -0.67050000000000010        3.6085378282709031     
 -0.66150000000000020        3.6038966073099252     
 -0.65250000000000030        3.5999414398961753     
 -0.64350000000000041        3.5981158861747851     
 -0.63450000000000051        3.5976854389535942     
 -0.62550000000000017        3.5976173324564660     
 -0.61650000000000027        3.5976899605202024     
 -0.60750000000000037        3.5980356755135170     
 -0.59850000000000048        3.5989791101707103     
 -0.58950000000000014        3.6010924475327766     
 -0.58050000000000024        3.6054674481100961     
 -0.57150000000000034        3.6143298021909924     
 -0.56250000000000044        3.6324334527719628     
 -0.55350000000000010        3.6697439919634127     
 -0.54450000000000021        3.7443921965950384     
 -0.53550000000000031        3.8560494623578978     
 -0.52650000000000041        3.9551994759471465     
 -0.51750000000000052        4.0016592802708715     
 -0.50850000000000017        4.0229826063670950     
 -0.49950000000000028        4.0359271056975823     
 -0.49049999999999994        4.0452897641325984     
 -0.48150000000000048        4.0533300163556092     
 -0.47250000000000014        4.0604600905363055     
 -0.46350000000000069        4.0665216008330320     
 -0.45450000000000035        4.0715944327824838     
 -0.44550000000000001        4.0757437213090197     
 -0.43650000000000055        4.0782379923025029     
 -0.42750000000000021        4.0792600322849379     
 -0.41849999999999987        4.0796048306081252     
 -0.40950000000000042        4.0796506773491208     
 -0.40050000000000008        4.0795749689177239     
 -0.39150000000000063        4.0793215661331566     
 -0.38250000000000028        4.0788339762207020     
 -0.37349999999999994        4.0779528112402090     
 -0.36450000000000049        4.0764276880994359     
 -0.35550000000000015        4.0742374392054508     
 -0.34650000000000070        4.0715212304473303     
 -0.33750000000000036        4.0684050931473328     
 -0.32850000000000001        4.0649782276427198     
 -0.31950000000000056        4.0612872978623473     
 -0.31050000000000022        4.0573523638217681     
 -0.30149999999999988        4.0531873271513659     
 -0.29250000000000043        4.0488111865741638     
 -0.28350000000000009        4.0442468202426358     
 -0.27450000000000063        4.0395122970607220     
 -0.26550000000000029        4.0346135412341733     
 -0.25649999999999995        4.0295443804267190     
 -0.24750000000000050        4.0242933825820133     
 -0.23850000000000016        4.0188522323130949     
 -0.22950000000000070        4.0132207111998488     
 -0.22050000000000036        4.0074069100930521     
 -0.21150000000000002        4.0014244504985452     
 -0.20250000000000057        3.9952891726496476     
 -0.19350000000000023        3.9890165654030234     
 -0.18449999999999989        3.9826199344274911     
 -0.17550000000000043        3.9761089806397156     
 -0.16650000000000009        3.9694888710840632     
 -0.15750000000000064        3.9627602515384535     
 -0.14850000000000030        3.9559205202365888     
 -0.13949999999999996        3.9489661850629627     
 -0.13050000000000050        3.9418956570048187     
 -0.12150000000000016        3.9347116552733223     
 -0.11250000000000071        3.9274225304089772     
 -0.10350000000000037        3.9200421388899080     
  -9.4500000000000028E-002   3.9125883160726698     
  -8.5500000000000576E-002   3.9050803968087409     
  -7.6500000000000234E-002   3.8975365000936875     
  -6.7499999999999893E-002   3.8899712995925242     
  -5.8500000000000441E-002   3.8823947218706714     
  -4.9500000000000099E-002   3.8748115948353092     
  -4.0500000000000647E-002   3.8672219579384048     
  -3.1500000000000306E-002   3.8596217159434825     
  -2.2499999999999964E-002   3.8520035278804574     
  -1.3500000000000512E-002   3.8443580423673951     
  -4.5000000000001705E-003   3.8366755869291160     
   4.4999999999992824E-003   3.8289481547820494     
   1.3499999999999623E-002   3.8211712106660918     
   2.2499999999999964E-002   3.8133447462605594     
   3.1499999999999417E-002   3.8054732923598564     
   4.0499999999999758E-002   3.7975650935734571     
   4.9500000000000099E-002   3.7896310307926093     
   5.8499999999999552E-002   3.7816838518725469     
   6.7499999999999893E-002   3.7737378450732599     
   7.6499999999999346E-002   3.7658085844905997     
   8.5499999999999687E-002   3.7579122107876799     
   9.4500000000000028E-002   3.7500640666196907     
  0.10349999999999948        3.7422771400863155     
  0.11249999999999982        3.7345611494136963     
  0.12149999999999928        3.7269228235161216     
  0.13049999999999962        3.7193671051394337     
  0.13949999999999996        3.7118982561263394     
  0.14849999999999941        3.7045198690093972     
  0.15749999999999975        3.6972337271943734     
  0.16649999999999920        3.6900386657535624     
  0.17549999999999955        3.6829310464314440     
  0.18449999999999989        3.6759076154494590     
  0.19349999999999934        3.6689698625766654     
  0.20249999999999968        3.6621277142541473     
  0.21150000000000002        3.6554004267098512     
  0.22049999999999947        3.6488142489491753     
  0.22949999999999982        3.6423987136460192     
  0.23849999999999927        3.6361835351965541     
  0.24749999999999961        3.6301960925859746     
  0.25649999999999995        3.6244613269769110     
  0.26549999999999940        3.6190113923858220     
  0.27449999999999974        3.6139013659250483     
  0.28349999999999920        3.6091950293918131     
  0.29249999999999954        3.6048779607322952     
  0.30149999999999988        3.6007788534554792     
  0.31049999999999933        3.5967944613243148     
  0.31949999999999967        3.5938499817681744     
  0.32850000000000001        3.5929770364544726     
  0.33749999999999947        3.5929132852459915     
  0.34649999999999981        3.5930668895299616     
  0.35549999999999926        3.5937057345255918     
  0.36449999999999960        3.5953165666368179     
  0.37349999999999994        3.5985793433546611     
  0.38249999999999940        3.6043882059664440     
  0.39149999999999974        3.6132840836249671     
  0.40049999999999919        3.6253195096062272     
  0.40949999999999953        3.6407877983539976     
  0.41849999999999987        3.6601595546310364     
  0.42749999999999932        3.6840168523266019     
  0.43649999999999967        3.7129426599308686     
  0.44550000000000001        3.7470656821054669     
  0.45449999999999946        3.7853133626842008     
  0.46349999999999980        3.8251116578240230     
  0.47249999999999925        3.8631833636631954     
  0.48149999999999959        3.8969893550035870     
  0.49049999999999994        3.9256232838474321     
  0.49949999999999939        3.9495829549209360     
  0.50849999999999973        3.9699077952963964     
  0.51749999999999918        3.9874764929641500     
  0.52649999999999952        4.0027790885914234     
  0.53549999999999986        4.0160254758584797     
  0.54449999999999932        4.0273559460674200     
  0.55349999999999966        4.0370801471438380     
  0.56250000000000000        4.0457784018879375     
  0.57149999999999945        4.0540562189770002     
  0.58049999999999979        4.0614962909387513     
  0.58949999999999925        4.0663816536307618     
  0.59849999999999959        4.0699329607036097     
  0.60749999999999993        4.0717890574746258     
  0.61649999999999938        4.0716754614989723     
  0.62549999999999972        4.0705369437832291     
  0.63449999999999918        4.0672159073910636     
  0.64349999999999952        4.0611179980076173     
  0.65249999999999986        4.0525304437744696     
  0.66149999999999931        4.0411879326892457     
  0.67049999999999965        4.0268095864870928     
  0.67949999999999999        4.0092930577157917     
  0.68849999999999945        3.9888324750765816     
  0.69749999999999979        3.9665954233200318     
  0.70649999999999924        3.9465501111548833     
  0.71549999999999958        3.9354470482638457     
  0.72449999999999992        3.9306988583991296     
  0.73349999999999937        3.9277900813410458     
  0.74249999999999972        3.9263026785699577     
  0.75149999999999917        3.9264576733911571     
  0.76049999999999951        3.9283234105012963     
  0.76949999999999985        3.9353821177799837     
  0.77849999999999930        3.9537793719124115     
  0.78749999999999964        3.9884522466778827     
  0.79649999999999999        4.0382654325935894     
  0.80549999999999944        4.1018414845060027     
  0.81449999999999978        4.1784714698432017     
  0.82349999999999923        4.2673560474043279     
  0.83249999999999957        4.3585826875073757     
  0.84149999999999991        4.4077450952024577     
  0.85049999999999937        4.4176224774606165     
  0.85949999999999971        4.4143650105759340     
  0.86849999999999916        4.4077353991634523     
  0.87749999999999950        4.4004105859554361     
  0.88649999999999984        4.3907357271087033     
  0.89549999999999930        4.3762205434756387     
  0.90449999999999964        4.3539399906163210     
  0.91349999999999998        4.3202979119890168     
  0.92249999999999943        4.2719705612014662     
  0.93149999999999977        4.2075806900328603     
  0.94049999999999923        4.1257859614276216     
  0.94949999999999957        4.0256584554345265     
  0.95849999999999991        3.9079262232045626     
  0.96749999999999936        3.7760383080920508     
  0.97649999999999970        3.6368217913200547     
  0.98549999999999915        3.5039409840593403     
  0.99449999999999950        3.4079918158536149     
   1.0034999999999998        3.3627154619937252     
   1.0124999999999993        3.3411570250024174     
   1.0214999999999996        3.3312192724818650     
   1.0305000000000000        3.3251253015824029     
   1.0394999999999994        3.3225294754001151     
   1.0484999999999998        3.3230300688941274     
   1.0574999999999992        3.3257602608659984     
   1.0664999999999996        3.3332397703650192     
   1.0754999999999999        3.3511846642891299     
   1.0844999999999994        3.3859854252329527     
   1.0934999999999997        3.4396893515460167     
   1.1024999999999991        3.5120607745023538     
   1.1114999999999995        3.6030598840155008     
   1.1204999999999998        3.7107304500871674     
   1.1294999999999993        3.8289918381695944     
   1.1384999999999996        3.9506991148375707     
   1.1475000000000000        4.0616427109758897     
   1.1564999999999994        4.1144724694708072     
   1.1654999999999998        4.1244634147404318     
   1.1744999999999992        4.1248621390768037     
   1.1834999999999996        4.1217109309189430     
   1.1924999999999999        4.1160838859701530     
   1.2014999999999993        4.1098852933468040     
   1.2104999999999997        4.1031462334283928     
   1.2194999999999991        4.0944202203087379     
   1.2284999999999995        4.0813976764883773     
   1.2374999999999998        4.0609409158097041     
   1.2464999999999993        4.0291726070694054     
   1.2554999999999996        3.9836310647456270     
   1.2645000000000000        3.9251485363828351     
   1.2734999999999994        3.8544031572905957     
   1.2824999999999998        3.7715289984202411     
   1.2914999999999992        3.6765973307535185     
   1.3004999999999995        3.5698278427144579     
   1.3094999999999999        3.4525714286784779     
   1.3184999999999993        3.3296340702702900     
   1.3274999999999997        3.2180400743414830     
   1.3364999999999991        3.1593453329533272     
   1.3454999999999995        3.1443380566804424     
   1.3544999999999998        3.1460930101820477     
   1.3634999999999993        3.1526041160723484     
   1.3724999999999996        3.1610110705815102     
   1.3815000000000000        3.1726850128236763     
   1.3904999999999994        3.1890219394630850     
   1.3994999999999997        3.2114931158451534     
   1.4084999999999992        3.2429318144688506     
   1.4174999999999995        3.2874103605705813     
   1.4264999999999999        3.3487783999543352     
   1.4354999999999993        3.4292748710725682     
   1.4444999999999997        3.5301036690478198     
   1.4534999999999991        3.6513418576905852     
   1.4624999999999995        3.7897246530818816     
   1.4714999999999998        3.9379404164483618     
   1.4804999999999993        4.0882678758635747     
   1.4894999999999996        4.2343765761193746     
   1.4984999999999999        4.3571468116859595     
   1.5074999999999994        4.4243895507923723     
   1.5164999999999997        4.4587061491982727     
   1.5254999999999992        4.4789811720828192     
   1.5344999999999995        4.4929573989378229     
   1.5434999999999999        4.5043917117950674     
   1.5524999999999993        4.5098004671319041     
   1.5614999999999997        4.5090781373079460     
   1.5704999999999991        4.5041492245175885     
   1.5794999999999995        4.4899344454047592     
   1.5884999999999998        4.4583928104789807     
   1.5974999999999993        4.4038397159213725     
   1.6064999999999996        4.3237278378094794     
   1.6154999999999999        4.2150961306291022     
   1.6244999999999994        4.0790622977036852     
   1.6334999999999997        3.9221464745240837     
   1.6424999999999992        3.7568033521294630     
   1.6514999999999995        3.6081005452410655     
   1.6604999999999999        3.5294416777973550     
   1.6694999999999993        3.5068872893679788     
   1.6784999999999997        3.5025083697537851     
   1.6874999999999991        3.5026469905698661     
   1.6964999999999995        3.5039971904708267     
   1.7054999999999998        3.5083808290804996     
   1.7144999999999992        3.5189581506672618     
   1.7234999999999996        3.5402776880288918     
   1.7324999999999999        3.5789266943489193     
   1.7414999999999994        3.6414637044226850     
   1.7504999999999997        3.7268359934400039     
   1.7594999999999992        3.8320730377331631     
   1.7684999999999995        3.9541724071856361     
   1.7774999999999999        4.0901792883678523     
   1.7864999999999993        4.2373261738965429     
   1.7954999999999997        4.3914100222703123     
   1.8044999999999991        4.5265234331301727     
   1.8134999999999994        4.5859326634614250     
   1.8224999999999998        4.5983847847615715     
   1.8314999999999992        4.5955863416560012     
   1.8404999999999996        4.5890134151939632     
   1.8494999999999999        4.5806494350785556     
   1.8584999999999994        4.5677287387250241     
   1.8674999999999997        4.5476168681020885     
   1.8764999999999992        4.5176930159012114     
   1.8854999999999995        4.4756379482301183     
   1.8944999999999999        4.4192232068064525     
   1.9034999999999993        4.3460069670334631     
   1.9124999999999996        4.2542396813777801     
   1.9214999999999991        4.1431185200095992     
   1.9304999999999994        4.0129193590179053     
   1.9394999999999998        3.8655769946400085     
   1.9484999999999992        3.7057215683388347     
   1.9574999999999996        3.5435788208952652     
   1.9664999999999999        3.4027042390052133     
   1.9754999999999994        3.3195826237026917     
   1.9844999999999997        3.2817011353632917     
   1.9934999999999992        3.2659839647687789     
   2.0024999999999995        3.2579988561988924     
   2.0114999999999998        3.2544165061963550     
   2.0204999999999993        3.2546098822053580     
   2.0294999999999996        3.2577675606009024     
   2.0384999999999991        3.2702442022635689     
   2.0474999999999994        3.3009345881221424     
   2.0564999999999998        3.3552645891105350     
   2.0654999999999992        3.4297613786957215     
   2.0744999999999996        3.5201554973447782     
   2.0834999999999999        3.6208905823513557     
   2.0924999999999994        3.7264956744526230     
   2.1014999999999997        3.8332622137815622     
   2.1104999999999992        3.9400420811296635     
   2.1194999999999995        4.0492175962545884     
   2.1284999999999998        4.1452762766927895     
   2.1374999999999993        4.1829069874853522     
   2.1464999999999996        4.1916098368044130     
   2.1554999999999991        4.1919161298527543     
   2.1644999999999994        4.1881696299695994     
   2.1734999999999998        4.1821267234240063     
   2.1824999999999992        4.1754453577153310     
   2.1914999999999996        4.1675440470645473     
   2.2004999999999999        4.1556371457458816     
   2.2094999999999994        4.1357330467360081     
   2.2184999999999997        4.1019728605906494     
   2.2274999999999991        4.0480722842717265     
   2.2364999999999995        3.9742309475358240     
   2.2454999999999998        3.8838952376142797     
   2.2544999999999993        3.7814276845404806     
   2.2634999999999996        3.6718040805192160     
   2.2724999999999991        3.5602242751348583     
   2.2814999999999994        3.4517069419450697     
   2.2904999999999998        3.3499579666979451     
   2.2994999999999992        3.2578860764721251     
   2.3084999999999996        3.1789928817337345     
   2.3174999999999999        3.1128497219228688     
   2.3264999999999993        3.0537402503764297     
   2.3354999999999997        3.0147200183069089     
   2.3444999999999991        3.0103475184358004     
   2.3534999999999995        3.0170541914708231     
   2.3624999999999998        3.0362437687911665     
   2.3714999999999993        3.0686558224571527     
   2.3804999999999996        3.0927847225228837     
   2.3894999999999991        3.0758866322165908     
   2.3984999999999994        2.7608318169994419     
   2.4074999999999998        1.6250701919756450     
   2.4164999999999992       0.97314671017237631     
   2.4254999999999995       0.91775639129665521     
   2.4344999999999999       0.92304102546756983     
   2.4434999999999993       0.93161951038389013     
   2.4524999999999997       0.94016177888708974     
   2.4614999999999991       0.94880418096306396     
   2.4704999999999995       0.95755255132985695     
   2.4794999999999998       0.96638699620564017     
   2.4884999999999993       0.97528946878274192     
   2.4974999999999996       0.98424196604220926     
   2.5064999999999991       0.99322636860370006     
   2.5154999999999994        1.0022244903206019     
   2.5244999999999997        1.0112181149571648     
   2.5334999999999992        1.0201890345012672     
   2.5424999999999995        1.0291190882553147     
   2.5514999999999999        1.0379902003948935     
   2.5604999999999993        1.0467844140838012     
   2.5694999999999997        1.0554839213191047     
   2.5784999999999991        1.0640710903435124     
   2.5874999999999995        1.0725284967245752     
   2.5964999999999998        1.0808389681736612     
   2.6054999999999993        1.0889856526816415     
   2.6144999999999996        1.0969521095032859     
   2.6234999999999991        1.1047224006810807     
   2.6324999999999994        1.1122811328472502     
   2.6414999999999997        1.1196133819512009     
   2.6504999999999992        1.1267044526384502     
   2.6594999999999995        1.1335395004631936     
   2.6684999999999999        1.1401031762935674     
   2.6774999999999993        1.1463795944819701     
   2.6864999999999997        1.1523529949054003     
   2.6954999999999991        1.1580093650303835     
   2.7044999999999995        1.1633389475524150     
   2.7134999999999998        1.1683390018475908     
   2.7224999999999993        1.1730155442562549     
   2.7314999999999996        1.1773822995121814     
   2.7404999999999990        1.1814550627390206     
   2.7494999999999994        1.1852404151170719     
   2.7584999999999997        1.1887194534772665     
   2.7674999999999992        1.1918297543706060     
   2.7764999999999995        1.1944515292894333     
   2.7854999999999999        1.1964056369213572     
   2.7944999999999993        1.1975667788542865     
   2.8034999999999997        1.1981056125234588     
   2.8124999999999991        1.1983229379256592     
   2.8214999999999995        1.1983879061621820     
   2.8304999999999998        1.1983946012168094     
   2.8394999999999992        1.1983552828309525     
   2.8484999999999996        1.1981980004436896     
   2.8574999999999990        1.1977809468704106     
   2.8664999999999994        1.1968518855667405     
   2.8754999999999997        1.1951634714099122     
   2.8844999999999992        1.1927376432577781     
   2.8934999999999995        1.1897673736034595     
   2.9024999999999999        1.1863927492634101     
   2.9114999999999993        1.1826961162127119     
   2.9204999999999997        1.1787108343338253     
   2.9294999999999991        1.1744375260858479     
   2.9384999999999994        1.1698614612126221     
   2.9474999999999998        1.1649663898110343     
   2.9564999999999992        1.1597426868028604     
   2.9654999999999996        1.1541900239802241     
   2.9744999999999990        1.1483162449752082     
   2.9834999999999994        1.1421345193465897     
   2.9924999999999997        1.1356604534304069     
   3.0014999999999992        1.1289100796847296     
   3.0104999999999995        1.1218989291373125     
   3.0194999999999999        1.1146419360194917     
   3.0284999999999993        1.1071537673722118     
   3.0374999999999996        1.0994492293059266     
   3.0464999999999991        1.0915435532221582     
   3.0554999999999994        1.0834525107642523     
   3.0644999999999998        1.0751923959162479     
   3.0734999999999992        1.0667799415297339     
   3.0824999999999996        1.0582322258515053     
   3.0914999999999990        1.0495665978332798     
   3.1004999999999994        1.0408006264469030     
   3.1094999999999997        1.0319520664749813     
   3.1184999999999992        1.0230388305712748     
   3.1274999999999995        1.0140789603469873     
   3.1364999999999998        1.0050905934921592     
   3.1454999999999993       0.99609192706553307     
   3.1544999999999996       0.98710117862364866     
   3.1634999999999991       0.97813654738304079     
   3.1724999999999994       0.96921617767003798     
   3.1814999999999998       0.96035812642962803     
   3.1904999999999992       0.95158033488915750     
   3.1994999999999996       0.94290060108987517     
   3.2084999999999990       0.93433654556602763     
   3.2174999999999994       0.92590555957040310     
   3.2264999999999997       0.91762472819778507     
   3.2354999999999992       0.90951073354998002     
   3.2444999999999995       0.90157976589392552     
   3.2534999999999998       0.89384749609901093     
   3.2624999999999993       0.88632917384605070     
   3.2714999999999996       0.87903989121354764     
   3.2804999999999991       0.87199497381868618     
   3.2894999999999994       0.86521033659227931     
   3.2984999999999998       0.85870250862453268     
   3.3074999999999992       0.85248796829403350     
   3.3164999999999996       0.84658152952458943     
   3.3254999999999990       0.84099384832380031     
   3.3344999999999994       0.83572865812002128     
   3.3434999999999997       0.83078095045882339     
   3.3524999999999991       0.82613773240867683     
   3.3614999999999995       0.82178290489465811     
   3.3704999999999998       0.81770699525077972     
   3.3794999999999993       0.81392095598695147     
   3.3884999999999996       0.81047135046452601     
   3.3974999999999991       0.80745261602722584     
   3.4064999999999994       0.80501145203326663     
   3.4154999999999998       0.80333923922950212     
   3.4244999999999992       0.80243128300067978     
   3.4334999999999996       0.80202113050331569     
   3.4424999999999990       0.80186412691219777     
   3.4514999999999993       0.80182344923373916     
   3.4604999999999997       0.80182451266085508     
   3.4694999999999991       0.80186927712591116     
   3.4784999999999995       0.80203591106932015     
   3.4874999999999998       0.80246579153727149     
   3.4964999999999993       0.80341179137036034     
   3.5054999999999996       0.80512917481547053     
   3.5145000000000000       0.80760616346647451     
   3.5234999999999985       0.81065214642547001     
   3.5324999999999989       0.81412243006899132     
   3.5414999999999992       0.81792514124485394     
   3.5504999999999995       0.82201611513671657     
   3.5594999999999999       0.82638611610688051     
   3.5685000000000002       0.83104546121681755     
   3.5774999999999988       0.83601032875980641     
   3.5864999999999991       0.84129330855834528     
   3.5954999999999995       0.84689883649442665     
   3.6044999999999998       0.85282267188742311     
   3.6135000000000002       0.85905383004419678     
   3.6224999999999987       0.86557735294951754     
   3.6314999999999991       0.87237674677303845     
   3.6404999999999994       0.87943552501176037     
   3.6494999999999997       0.88673781929468010     
   3.6585000000000001       0.89426832765369202     
   3.6674999999999986       0.90201195470166640     
   3.6764999999999990       0.90995342879784469     
   3.6854999999999993       0.91807704952998093     
   3.6944999999999997       0.92636659781933106     
   3.7035000000000000       0.93480536754104604     
   3.7124999999999986       0.94337625507290179     
   3.7214999999999989       0.95206185512489061     
   3.7304999999999993       0.96084453624415911     
   3.7394999999999996       0.96970649157154110     
   3.7484999999999999       0.97862977268361517     
   3.7574999999999985       0.98759631700677053     
   3.7664999999999988       0.99658797631668994     
   3.7754999999999992        1.0055865494333778     
   3.7844999999999995        1.0145738189118181     
   3.7934999999999999        1.0235315899186406     
   3.8025000000000002        1.0324417290451844     
   3.8114999999999988        1.0412862008951056     
   3.8204999999999991        1.0500471008338053     
   3.8294999999999995        1.0587066838546362     
   3.8384999999999998        1.0672473926614312     
   3.8475000000000001        1.0756518922966358     
   3.8564999999999987        1.0839031214949455     
   3.8654999999999990        1.0919843680341181     
   3.8744999999999994        1.0998793622641094     
   3.8834999999999997        1.1075723591329945     
   3.8925000000000001        1.1150481522899163     
   3.9014999999999986        1.1222919530365343     
   3.9104999999999990        1.1292890978735017     
   3.9194999999999993        1.1360246410440420     
   3.9284999999999997        1.1424830361826352     
   3.9375000000000000        1.1486482613125191     
   3.9464999999999986        1.1545047921556679     
   3.9554999999999989        1.1600396574388985     
   3.9644999999999992        1.1652453381283610     
   3.9734999999999996        1.1701225493924226     
   3.9824999999999999        1.1746812049480029     
   3.9914999999999985        1.1789375089445935     
   4.0004999999999988        1.1829055805741431     
   4.0094999999999992        1.1865835209646909     
   4.0184999999999995        1.1899361818492424     
   4.0274999999999999        1.1928793745763586     
   4.0365000000000002        1.1952717979101444     
   4.0454999999999988        1.1969205719070508     
   4.0544999999999991        1.1978174087885376     
   4.0634999999999994        1.1982182593602408     
   4.0724999999999998        1.1983681824929009     
   4.0815000000000001        1.1984049534811609     
   4.0904999999999987        1.1983958637466230     
   4.0994999999999990        1.1983242961717713     
   4.1084999999999994        1.1980930535003669     
   4.1174999999999997        1.1975276578732024     
   4.1265000000000001        1.1963180328884191     
   4.1354999999999986        1.1943124837853247     
   4.1444999999999990        1.1916582917812606     
   4.1534999999999993        1.1885281362505373     
   4.1624999999999996        1.1850351853776575     
   4.1715000000000000        1.1812369695288230     
   4.1804999999999986        1.1771499047130178     
   4.1894999999999989        1.1727668846425552     
   4.1984999999999992        1.1680726352457131     
   4.2074999999999996        1.1630542157406512     
   4.2164999999999999        1.1577062486023213     
   4.2254999999999985        1.1520318735282415     
   4.2344999999999988        1.1460410732974657     
   4.2434999999999992        1.1397480349625666     
   4.2524999999999995        1.1331687669763337     
   4.2614999999999998        1.1263195390019174     
   4.2705000000000002        1.1192161185086527     
   4.2794999999999987        1.1118734554906993     
   4.2884999999999991        1.1043054903276710     
   4.2974999999999994        1.0965250584986281     
   4.3064999999999998        1.0885442459582730     
   4.3155000000000001        1.0803757466304293     
   4.3244999999999987        1.0720355374472381     
   4.3334999999999990        1.0635464010448727     
   4.3424999999999994        1.0549406508711574     
   4.3514999999999997        1.0462593619587277     
   4.3605000000000000        1.0375452693554610     
   4.3694999999999986        1.0288280188953347     
   4.3784999999999989        1.0201038902845967     
   4.3874999999999993        1.0113167653109911     
   4.3964999999999996        1.0023512214581898     
   4.4055000000000000       0.99304978251421305     
   4.4144999999999985       0.98326246627123659     
   4.4234999999999989       0.97292730495427848     
   4.4324999999999992       0.96216745207099430     
   4.4414999999999996       0.95137832311752391     
   4.4504999999999999       0.94127266253222019     
   4.4594999999999985       0.93285683611226222     
   4.4684999999999988       0.92732853034616214     
   4.4774999999999991       0.92465666910758249     
   4.4864999999999995       0.92362291860818724     
   4.4954999999999998       0.92335221475009976     
