   5.0000000000000001E-004  0.14727606531282314     
   1.5000000000000000E-003  0.14727785744877667     
   2.5000000000000001E-003  0.14728101836791399     
   3.5000000000000001E-003  0.14728597604758312     
   4.5000000000000005E-003  0.14729263954254693     
   5.4999999999999997E-003  0.14730101677106239     
   6.5000000000000006E-003  0.14731110326419203     
   7.4999999999999997E-003  0.14732289690485550     
   8.5000000000000006E-003  0.14733638917680383     
   9.4999999999999998E-003  0.14735156480123399     
   1.0500000000000001E-002  0.14736840129411310     
   1.1500000000000000E-002  0.14738686980511037     
   1.2500000000000001E-002  0.14740693628885074     
   1.3500000000000000E-002  0.14742856274019298     
   1.4500000000000001E-002  0.14745170827584123     
   1.5500000000000000E-002  0.14747633002977328     
   1.6500000000000001E-002  0.14750238391171813     
   1.7500000000000002E-002  0.14752982530434022     
   1.8499999999999999E-002  0.14755860975633786     
   1.9500000000000000E-002  0.14758869369268804     
   2.0500000000000001E-002  0.14762003512683766     
   2.1500000000000002E-002  0.14765259433197311     
   2.2499999999999999E-002  0.14768633441318710     
   2.3500000000000000E-002  0.14772122172107874     
   2.4500000000000001E-002  0.14775722606088063     
   2.5500000000000002E-002  0.14779432067832926     
   2.6499999999999999E-002  0.14783248203903537     
   2.7500000000000000E-002  0.14787168945290483     
   2.8500000000000001E-002  0.14791192461833599     
   2.9500000000000002E-002  0.14795317116406895     
   3.0499999999999999E-002  0.14799541424772580     
   3.1500000000000000E-002  0.14803864023548810     
   3.2500000000000001E-002  0.14808283644973433     
   3.3500000000000002E-002  0.14812799094530463     
   3.4500000000000003E-002  0.14817409227074582     
   3.5500000000000004E-002  0.14822112919013550     
   3.6499999999999998E-002  0.14826909037583647     
   3.7499999999999999E-002  0.14831796411792697     
   3.8500000000000000E-002  0.14836773811630413     
   3.9500000000000000E-002  0.14841839941634807     
   4.0500000000000001E-002  0.14846993451818435     
   4.1500000000000002E-002  0.14852232964286469     
   4.2500000000000003E-002  0.14857557109256136     
   4.3500000000000004E-002  0.14862964561271133     
   4.4499999999999998E-002  0.14868454066247008     
   4.5499999999999999E-002  0.14874024452646661     
   4.6500000000000000E-002  0.14879674624649789     
   4.7500000000000001E-002  0.14885403540114137     
   4.8500000000000001E-002  0.14891210179853712     
   4.9500000000000002E-002  0.14897093516208826     
   5.0500000000000003E-002  0.14903052487808124     
   5.1500000000000004E-002  0.14909085984407466     
   5.2499999999999998E-002  0.14915192841869235     
   5.3499999999999999E-002  0.14921371843974232     
   5.4500000000000000E-002  0.14927621725805443     
   5.5500000000000001E-002  0.14933941173333076     
   5.6500000000000002E-002  0.14940328815403986     
   5.7500000000000002E-002  0.14946783206991957     
   5.8500000000000003E-002  0.14953302805501104     
   5.9500000000000004E-002  0.14959885944382526     
   6.0499999999999998E-002  0.14966530809800394     
   6.1499999999999999E-002  0.14973235426339004     
   6.2500000000000000E-002  0.14979997656826513     
   6.3500000000000001E-002  0.14986815219517893     
   6.4500000000000002E-002  0.14993685723500891     
   6.5500000000000003E-002  0.15000606720670523     
   6.6500000000000004E-002  0.15007575770341053     
   6.7500000000000004E-002  0.15014590510834888     
   6.8500000000000005E-002  0.15021648731407508     
   6.9500000000000006E-002  0.15028748437716513     
   7.0500000000000007E-002  0.15035887904684900     
   7.1500000000000008E-002  0.15043065711913220     
   7.2499999999999995E-002  0.15050280758571127     
   7.3499999999999996E-002  0.15057532256730585     
   7.4499999999999997E-002  0.15064819704174681     
   7.5499999999999998E-002  0.15072142839624389     
   7.6499999999999999E-002  0.15079501584884589     
   7.7499999999999999E-002  0.15086895979459919     
   7.8500000000000000E-002  0.15094326113612741     
   7.9500000000000001E-002  0.15101792065579620     
   8.0500000000000002E-002  0.15109293847771221     
   8.1500000000000003E-002  0.15116831365390729     
   8.2500000000000004E-002  0.15124404389236865     
   8.3500000000000005E-002  0.15132012542763809     
   8.4500000000000006E-002  0.15139655301996416     
   8.5500000000000007E-002  0.15147332005827802     
   8.6500000000000007E-002  0.15155041873654521     
   8.7500000000000008E-002  0.15162784027233625     
   8.8499999999999995E-002  0.15170557514000446     
   8.9499999999999996E-002  0.15178361329732604     
   9.0499999999999997E-002  0.15186194439229792     
   9.1499999999999998E-002  0.15194055794445080     
   9.2499999999999999E-002  0.15201944350123253     
   9.3500000000000000E-002  0.15209859077388579     
   9.4500000000000001E-002  0.15217798975846109     
   9.5500000000000002E-002  0.15225763084639646     
   9.6500000000000002E-002  0.15233750492616505     
   9.7500000000000003E-002  0.15241760347384101     
   9.8500000000000004E-002  0.15249791862715081     
   9.9500000000000005E-002  0.15257844323558628     
  0.10050000000000001       0.15265917087903649     
  0.10150000000000001       0.15274009584932854     
  0.10250000000000001       0.15282121309275795     
  0.10350000000000001       0.15290251811653305     
  0.10450000000000000       0.15298400686719740     
  0.10550000000000000       0.15306567559361256     
  0.10650000000000000       0.15314752071010554     
  0.10750000000000000       0.15322953867622491     
  0.10850000000000000       0.15331172590779715     
  0.10950000000000000       0.15339407872959188     
  0.11050000000000000       0.15347659337328931     
  0.11150000000000000       0.15355926601644637     
  0.11250000000000000       0.15364209285005012     
  0.11350000000000000       0.15372507015558015     
  0.11450000000000000       0.15380819436887125     
  0.11550000000000001       0.15389146210877871     
  0.11650000000000001       0.15397487015435948     
  0.11750000000000001       0.15405841536467843     
  0.11850000000000001       0.15414209454897562     
  0.11950000000000001       0.15422590430929406     
  0.12050000000000000       0.15430984088958152     
  0.12150000000000000       0.15439390007153128     
  0.12250000000000000       0.15447807715556075     
  0.12350000000000000       0.15456236705437751     
  0.12450000000000000       0.15464676450760781     
  0.12550000000000000       0.15473126440203358     
  0.12650000000000000       0.15481586215776791     
  0.12750000000000000       0.15490055412140960     
  0.12850000000000000       0.15498533789744798     
  0.12950000000000000       0.15507021255163186     
  0.13050000000000000       0.15515517863472303     
  0.13150000000000001       0.15524023799922207     
  0.13250000000000001       0.15532539341031112     
  0.13350000000000001       0.15541064797949417     
  0.13450000000000001       0.15549600447002646     
  0.13550000000000001       0.15558146453415514     
  0.13650000000000001       0.15566702794339712     
  0.13750000000000001       0.15575269186748683     
  0.13850000000000001       0.15583845025007095     
  0.13950000000000001       0.15592429332475008     
  0.14050000000000001       0.15601020731689846     
  0.14150000000000001       0.15609617438476533     
  0.14250000000000002       0.15618217286370023     
  0.14350000000000002       0.15626817788283662     
  0.14449999999999999       0.15635416241584896     
  0.14549999999999999       0.15644009879955187     
  0.14649999999999999       0.15652596070332653     
  0.14749999999999999       0.15661172546179233     
  0.14849999999999999       0.15669737660231875     
  0.14949999999999999       0.15678290632246850     
  0.15049999999999999       0.15686831761709991     
  0.15150000000000000       0.15695362573601185     
  0.15250000000000000       0.15703885868096740     
  0.15350000000000000       0.15712405652814562     
  0.15450000000000000       0.15720926948203309     
  0.15550000000000000       0.15729455471472450     
  0.15650000000000000       0.15737997219991626     
  0.15750000000000000       0.15746557989056315     
  0.15850000000000000       0.15755142869182368     
  0.15950000000000000       0.15763755773033664     
  0.16050000000000000       0.15772399040867344     
  0.16150000000000000       0.15781073166074369     
  0.16250000000000001       0.15789776669964289     
  0.16350000000000001       0.15798506139079291     
  0.16450000000000001       0.15807256421159593     
  0.16550000000000001       0.15816020959664759     
  0.16650000000000001       0.15824792233493232     
  0.16750000000000001       0.15833562259720127     
  0.16850000000000001       0.15842323113566051     
  0.16950000000000001       0.15851067421419565     
  0.17050000000000001       0.15859788788867191     
  0.17150000000000001       0.15868482135120188     
  0.17250000000000001       0.15877143916467662     
  0.17350000000000002       0.15885772232905757     
  0.17450000000000002       0.15894366822560549     
  0.17550000000000002       0.15902928956957235     
  0.17649999999999999       0.15911461256033071     
  0.17749999999999999       0.15919967444915503     
  0.17849999999999999       0.15928452075118321     
  0.17949999999999999       0.15936920231430904     
  0.18049999999999999       0.15945377243009004     
  0.18149999999999999       0.15953828413654478     
  0.18250000000000000       0.15962278782554826     
  0.18350000000000000       0.15970732923253883     
  0.18450000000000000       0.15979194785584769     
  0.18550000000000000       0.15987667582791085     
  0.18650000000000000       0.15996153724038240     
  0.18750000000000000       0.16004654790844558     
  0.18850000000000000       0.16013171554494846     
  0.18950000000000000       0.16021704030128592     
  0.19050000000000000       0.16030251561881567     
  0.19150000000000000       0.16038812932248142     
  0.19250000000000000       0.16047386487833967     
  0.19350000000000001       0.16055970273036055     
  0.19450000000000001       0.16064562163064564     
  0.19550000000000001       0.16073159988207425     
  0.19650000000000001       0.16081761642357331     
  0.19750000000000001       0.16090365170501400     
  0.19850000000000001       0.16098968831961830     
  0.19950000000000001       0.16107571138451737     
  0.20050000000000001       0.16116170868226101     
  0.20150000000000001       0.16124767059523973     
  0.20250000000000001       0.16133358987920918     
  0.20350000000000001       0.16141946133017729     
  0.20450000000000002       0.16150528140046305     
  0.20550000000000002       0.16159104781525313     
  0.20650000000000002       0.16167675923167638     
  0.20750000000000002       0.16176241496998314     
  0.20849999999999999       0.16184801483274927     
  0.20949999999999999       0.16193355901491197     
  0.21049999999999999       0.16201904809631984     
  0.21149999999999999       0.16210448310025591     
  0.21249999999999999       0.16218986559639476     
  0.21350000000000000       0.16227519782468849     
  0.21450000000000000       0.16236048281717061     
  0.21550000000000000       0.16244572449688835     
  0.21650000000000000       0.16253092773643943     
  0.21750000000000000       0.16261609836242516     
  0.21850000000000000       0.16270124309634845     
  0.21950000000000000       0.16278636942713970     
  0.22050000000000000       0.16287148541575430     
  0.22150000000000000       0.16295659943825461     
  0.22250000000000000       0.16304171988030233     
  0.22350000000000000       0.16312685480251457     
  0.22450000000000001       0.16321201160175480     
  0.22550000000000001       0.16329719669698292     
  0.22650000000000001       0.16338241526859895     
  0.22750000000000001       0.16346767107647761     
  0.22850000000000001       0.16355296637391520     
  0.22950000000000001       0.16363830192322490     
  0.23050000000000001       0.16372367710536029     
  0.23150000000000001       0.16380909010309114     
  0.23250000000000001       0.16389453812759125     
  0.23350000000000001       0.16398001765419187     
  0.23450000000000001       0.16406552463593405     
  0.23550000000000001       0.16415105467334001     
  0.23650000000000002       0.16423660313373648     
  0.23750000000000002       0.16432216523018878     
  0.23850000000000002       0.16440773608446685     
  0.23950000000000002       0.16449331080642543     
  0.24049999999999999       0.16457888462096448     
  0.24149999999999999       0.16466445306274477     
  0.24249999999999999       0.16475001224009322     
  0.24349999999999999       0.16483555914737455     
  0.24450000000000000       0.16492109198519750     
  0.24550000000000000       0.16500661043568007     
  0.24650000000000000       0.16509211583939684     
  0.24750000000000000       0.16517761123246999     
  0.24850000000000000       0.16526310122417134     
  0.24950000000000000       0.16534859172230629     
  0.25050000000000000       0.16543408953921426     
  0.25150000000000000       0.16551960192961049     
  0.25250000000000000       0.16560513611903496     
  0.25350000000000000       0.16569069887776430     
  0.25450000000000000       0.16577629618209730     
  0.25550000000000000       0.16586193298733512     
  0.25650000000000001       0.16594761311933567     
  0.25750000000000001       0.16603333927783873     
  0.25850000000000001       0.16611911313626879     
  0.25950000000000001       0.16620493551863191     
  0.26050000000000001       0.16629080663220744     
  0.26150000000000001       0.16637672633271294     
  0.26250000000000001       0.16646269439540082     
  0.26350000000000001       0.16654871076188524     
  0.26450000000000001       0.16663477573077284     
  0.26550000000000001       0.16672089006325030     
  0.26650000000000001       0.16680705498463480     
  0.26750000000000002       0.16689327207929369     
  0.26850000000000002       0.16697954309649163     
  0.26950000000000002       0.16706586970379159     
  0.27050000000000002       0.16715225323722627     
  0.27150000000000002       0.16723869449943132     
  0.27250000000000002       0.16732519364692788     
  0.27350000000000002       0.16741175018779619     
  0.27450000000000002       0.16749836308609697     
  0.27550000000000002       0.16758503094600008     
  0.27650000000000002       0.16767175223267169     
  0.27750000000000002       0.16775852548227665     
  0.27850000000000003       0.16784534946047244     
  0.27950000000000003       0.16793222324478640     
  0.28050000000000003       0.16801914622637149     
  0.28150000000000003       0.16810611804530898     
  0.28250000000000003       0.16819313848637685     
  0.28350000000000003       0.16828020736669499     
  0.28450000000000003       0.16836732444306965     
  0.28550000000000003       0.16845448935747467     
  0.28650000000000003       0.16854170162731374     
  0.28750000000000003       0.16862896067628277     
  0.28849999999999998       0.16871626589419933     
  0.28949999999999998       0.16880361671106778     
  0.29049999999999998       0.16889101267147089     
  0.29149999999999998       0.16897845349876106     
  0.29249999999999998       0.16906593914274129     
  0.29349999999999998       0.16915346980818199     
  0.29449999999999998       0.16924104596379105     
  0.29549999999999998       0.16932866833211366     
  0.29649999999999999       0.16941633786077448     
  0.29749999999999999       0.16950405567528135     
  0.29849999999999999       0.16959182301397560     
  0.29949999999999999       0.16967964114703560     
  0.30049999999999999       0.16976751128364162     
  0.30149999999999999       0.16985543447404447     
  0.30249999999999999       0.16994341151561831     
  0.30349999999999999       0.17003144287325556     
  0.30449999999999999       0.17011952862407617     
  0.30549999999999999       0.17020766843411061     
  0.30649999999999999       0.17029586157053503     
  0.30750000000000000       0.17038410694778650     
  0.30850000000000000       0.17047240320038429     
  0.30950000000000000       0.17056074877064542     
  0.31050000000000000       0.17064914199674730     
  0.31150000000000000       0.17073758118653379     
  0.31250000000000000       0.17082606466537131     
  0.31350000000000000       0.17091459079190655     
  0.31450000000000000       0.17100315794282642     
  0.31550000000000000       0.17109176447521848     
  0.31650000000000000       0.17118040868118800     
  0.31750000000000000       0.17126908875240673     
  0.31850000000000001       0.17135780277110804     
  0.31950000000000001       0.17144654873834900     
  0.32050000000000001       0.17153532464076371     
  0.32150000000000001       0.17162412854512485     
  0.32250000000000001       0.17171295869818479     
  0.32350000000000001       0.17180181360019595     
  0.32450000000000001       0.17189069201675822     
  0.32550000000000001       0.17197959289700035     
  0.32650000000000001       0.17206851517716484     
  0.32750000000000001       0.17215745746653324     
  0.32850000000000001       0.17224641763490797     
  0.32950000000000002       0.17233539234396686     
  0.33050000000000002       0.17242437658448131     
  0.33150000000000002       0.17251336329345601     
  0.33250000000000002       0.17260234312639400     
  0.33350000000000002       0.17269130444834799     
  0.33450000000000002       0.17278023358345732     
  0.33550000000000002       0.17286911532877511     
  0.33650000000000002       0.17295793369880882     
  0.33750000000000002       0.17304667282819672     
  0.33850000000000002       0.17313531792769229     
  0.33950000000000002       0.17322385616897826     
  0.34050000000000002       0.17331227737108465     
  0.34150000000000003       0.17340057437725306     
  0.34250000000000003       0.17348874304500414     
  0.34350000000000003       0.17357678182007896     
  0.34450000000000003       0.17366469092051071     
  0.34550000000000003       0.17375247121247647     
  0.34650000000000003       0.17384012290649653     
  0.34750000000000003       0.17392764423363041     
  0.34850000000000003       0.17401503027131413     
  0.34950000000000003       0.17410227207513460     
  0.35050000000000003       0.17418935623738810     
  0.35150000000000003       0.17427626494030998     
  0.35249999999999998       0.17436297650872498     
  0.35349999999999998       0.17444946640252254     
  0.35449999999999998       0.17453570853300557     
  0.35549999999999998       0.17462167674684348     
  0.35649999999999998       0.17470734630267512     
  0.35749999999999998       0.17479269517071869     
  0.35849999999999999       0.17487770501382804     
  0.35949999999999999       0.17496236175473709     
  0.36049999999999999       0.17504665569165223     
  0.36149999999999999       0.17513058118431568     
  0.36249999999999999       0.17521413598645488     
  0.36349999999999999       0.17529732034059023     
  0.36449999999999999       0.17538013597218594     
  0.36549999999999999       0.17546258511984406     
  0.36649999999999999       0.17554466971778540     
  0.36749999999999999       0.17562639081058265     
  0.36849999999999999       0.17570774823486471     
  0.36950000000000000       0.17578874055671623     
  0.37050000000000000       0.17586936521483201     
  0.37150000000000000       0.17594961879461812     
  0.37250000000000000       0.17602949735085383     
  0.37350000000000000       0.17610899670609972     
  0.37450000000000000       0.17618811267497128     
  0.37550000000000000       0.17626684119418093     
  0.37650000000000000       0.17634517836719743     
  0.37750000000000000       0.17642312045353803     
  0.37850000000000000       0.17650066384165239     
  0.37950000000000000       0.17657780504022683     
  0.38050000000000000       0.17665454070840433     
  0.38150000000000001       0.17673086772649049     
  0.38250000000000001       0.17680678329178368     
  0.38350000000000001       0.17688228501469172     
  0.38450000000000001       0.17695737099088596     
  0.38550000000000001       0.17703203983485982     
  0.38650000000000001       0.17710629067458986     
  0.38750000000000001       0.17718012312006162     
  0.38850000000000001       0.17725353722469808     
  0.38950000000000001       0.17732653345532393     
  0.39050000000000001       0.17739911267418121     
  0.39150000000000001       0.17747127612047506     
  0.39250000000000002       0.17754302536608590     
  0.39350000000000002       0.17761436221736146     
  0.39450000000000002       0.17768528854631285     
  0.39550000000000002       0.17775580605914798     
  0.39650000000000002       0.17782591604153133     
  0.39750000000000002       0.17789561914783977     
  0.39850000000000002       0.17796491531451097     
  0.39950000000000002       0.17803380386671855     
  0.40050000000000002       0.17810228385070370     
  0.40150000000000002       0.17817035456709249     
  0.40250000000000002       0.17823801621711419     
  0.40350000000000003       0.17830527052217962     
  0.40450000000000003       0.17837212115567905     
  0.40550000000000003       0.17843857384588235     
  0.40650000000000003       0.17850463607149494     
  0.40750000000000003       0.17857031636519630     
  0.40850000000000003       0.17863562334307351     
  0.40950000000000003       0.17870056466159803     
  0.41050000000000003       0.17876514614327665     
  0.41150000000000003       0.17882937129190957     
  0.41250000000000003       0.17889324133860071     
  0.41350000000000003       0.17895675583710427     
  0.41450000000000004       0.17901991369175307     
  0.41550000000000004       0.17908271438841236     
  0.41649999999999998       0.17914515913949883     
  0.41749999999999998       0.17920725166552562     
  0.41849999999999998       0.17926899841662922     
  0.41949999999999998       0.17933040816814849     
  0.42049999999999998       0.17939149107142291     
  0.42149999999999999       0.17945225736735540     
  0.42249999999999999       0.17951271604496902     
  0.42349999999999999       0.17957287373350705     
  0.42449999999999999       0.17963273405610769     
  0.42549999999999999       0.17969229756398078     
  0.42649999999999999       0.17975156224139455     
  0.42749999999999999       0.17981052445509468     
  0.42849999999999999       0.17986918014254052     
  0.42949999999999999       0.17992752600529863     
  0.43049999999999999       0.17998556049704539     
  0.43149999999999999       0.18004328445801621     
  0.43250000000000000       0.18010070133042919     
  0.43350000000000000       0.18015781697215580     
  0.43450000000000000       0.18021463915224833     
  0.43550000000000000       0.18027117685218272     
  0.43650000000000000       0.18032743950856242     
  0.43750000000000000       0.18038343632020923     
  0.43850000000000000       0.18043917571220483     
  0.43950000000000000       0.18049466500968378     
  0.44050000000000000       0.18054991033248877     
  0.44150000000000000       0.18060491668425979     
  0.44250000000000000       0.18065968818088174     
  0.44350000000000001       0.18071422834709905     
  0.44450000000000001       0.18076854040888854     
  0.44550000000000001       0.18082262752326347     
  0.44650000000000001       0.18087649291398022     
  0.44750000000000001       0.18093013991493676     
  0.44850000000000001       0.18098357195357515     
  0.44950000000000001       0.18103679252400565     
  0.45050000000000001       0.18108980519589837     
  0.45150000000000001       0.18114261367862394     
  0.45250000000000001       0.18119522191736562     
  0.45350000000000001       0.18124763415392198     
  0.45450000000000002       0.18129985485898378     
  0.45550000000000002       0.18135188845185443     
  0.45650000000000002       0.18140373877513441     
  0.45750000000000002       0.18145540837793761     
  0.45850000000000002       0.18150689775815965     
  0.45950000000000002       0.18155820478848364     
  0.46050000000000002       0.18160932456897264     
  0.46150000000000002       0.18166024989111915     
  0.46250000000000002       0.18171097236675474     
  0.46350000000000002       0.18176148409869056     
  0.46450000000000002       0.18181177959647465     
  0.46550000000000002       0.18186185752416342     
  0.46650000000000003       0.18191172184990326     
  0.46750000000000003       0.18196138206518755     
  0.46850000000000003       0.18201085233699346     
  0.46950000000000003       0.18206014970062842     
  0.47050000000000003       0.18210929163059555     
  0.47150000000000003       0.18215829347934079     
  0.47250000000000003       0.18220716630863351     
  0.47350000000000003       0.18225591554759366     
  0.47450000000000003       0.18230454072121913     
  0.47550000000000003       0.18235303625528720     
  0.47650000000000003       0.18240139313884943     
  0.47750000000000004       0.18244960106740526     
  0.47850000000000004       0.18249765062975598     
  0.47950000000000004       0.18254553514308836     
  0.48049999999999998       0.18259325186191280     
  0.48149999999999998       0.18264080244836034     
  0.48249999999999998       0.18268819275095938     
  0.48349999999999999       0.18273543206059098     
  0.48449999999999999       0.18278253207511239     
  0.48549999999999999       0.18282950580497093     
  0.48649999999999999       0.18287636660295223     
  0.48749999999999999       0.18292312742334396     
  0.48849999999999999       0.18296980033305066     
  0.48949999999999999       0.18301639622977495     
  0.49049999999999999       0.18306292468301519     
  0.49149999999999999       0.18310939380626987     
  0.49249999999999999       0.18315581008962001     
  0.49349999999999999       0.18320217816153569     
  0.49450000000000000       0.18324850049554775     
  0.49550000000000000       0.18329477711961151     
  0.49650000000000000       0.18334100541372333     
  0.49750000000000000       0.18338718008781074     
  0.49850000000000000       0.18343329341404710     
  0.49950000000000000       0.18347933574683772     
  0.50050000000000006       0.18352529630597780     
  0.50150000000000006       0.18357116413499552     
  0.50250000000000006       0.18361692909249550     
  0.50350000000000006       0.18366258270566113     
  0.50450000000000006       0.18370811872517442     
  0.50550000000000006       0.18375353327480495     
  0.50650000000000006       0.18379882457982674     
  0.50750000000000006       0.18384399236620744     
  0.50850000000000006       0.18388903711759996     
  0.50950000000000006       0.18393395942849591     
  0.51050000000000006       0.18397875967739377     
  0.51150000000000007       0.18402343815969957     
  0.51249999999999996       0.18406799568495288     
  0.51349999999999996       0.18411243449435130     
  0.51449999999999996       0.18415675923763972     
  0.51549999999999996       0.18420097770101551     
  0.51649999999999996       0.18424510101642966     
  0.51749999999999996       0.18428914319657164     
  0.51849999999999996       0.18433311999391414     
  0.51949999999999996       0.18437704723021489     
  0.52049999999999996       0.18442093884428892     
  0.52149999999999996       0.18446480494010078     
  0.52249999999999996       0.18450865008941864     
  0.52349999999999997       0.18455247207930578     
  0.52449999999999997       0.18459626122797426     
  0.52549999999999997       0.18464000034843822     
  0.52649999999999997       0.18468366542475234     
  0.52749999999999997       0.18472722706701097     
  0.52849999999999997       0.18477065280327132     
  0.52949999999999997       0.18481391022530169     
  0.53049999999999997       0.18485697092106843     
  0.53149999999999997       0.18489981501139549     
  0.53249999999999997       0.18494243599053009     
  0.53349999999999997       0.18498484548784666     
  0.53449999999999998       0.18502707755401351     
  0.53549999999999998       0.18506919214988585     
  0.53649999999999998       0.18511127768503247     
  0.53749999999999998       0.18515345270911665     
  0.53849999999999998       0.18519586719466807     
  0.53949999999999998       0.18523870425985187     
  0.54049999999999998       0.18528218366671823     
  0.54149999999999998       0.18532656899764177     
  0.54249999999999998       0.18537218105544281     
  0.54349999999999998       0.18541942072726311     
  0.54449999999999998       0.18546880524908527     
  0.54549999999999998       0.18552102243199001     
  0.54649999999999999       0.18557700787127199     
  0.54749999999999999       0.18563805036194203     
  0.54849999999999999       0.18570593061099552     
  0.54949999999999999       0.18578309782131555     
  0.55049999999999999       0.18587288781917419     
  0.55149999999999999       0.18597978514732863     
  0.55249999999999999       0.18610973003075063     
  0.55349999999999999       0.18627046945579082     
  0.55449999999999999       0.18647194991652302     
  0.55549999999999999       0.18672674780353973     
  0.55649999999999999       0.18705053205064137     
  0.55750000000000000       0.18746255258834663     
  0.55850000000000000       0.18798614740796851     
  0.55950000000000000       0.18864926059383635     
  0.56050000000000000       0.18948496346614560     
  0.56150000000000000       0.19053197089243798     
  0.56250000000000000       0.19183514475767072     
  0.56350000000000000       0.19344597642414685     
  0.56450000000000000       0.19542303968125260     
  0.56550000000000000       0.19783240513537712     
  0.56650000000000000       0.20074800621543032     
  0.56750000000000000       0.20425194599332033     
  0.56850000000000001       0.20843473288353606     
  0.56950000000000001       0.21339543203507996     
  0.57050000000000001       0.21924171789387770     
  0.57150000000000001       0.22608981200731085     
  0.57250000000000001       0.23406428866140125     
  0.57350000000000001       0.24329772937696983     
  0.57450000000000001       0.25393020564639807     
  0.57550000000000001       0.26610856759736962     
  0.57650000000000001       0.27998551459316012     
  0.57750000000000001       0.29571842223310180     
  0.57850000000000001       0.31346789895706589     
  0.57950000000000002       0.33339604468576683     
  0.58050000000000002       0.35566438391863048     
  0.58150000000000002       0.38043144688876535     
  0.58250000000000002       0.40784997548290730     
  0.58350000000000002       0.43806373698549095     
  0.58450000000000002       0.47120394039175856     
  0.58550000000000002       0.50738526965351705     
  0.58650000000000002       0.54670157726513524     
  0.58750000000000002       0.58922131678514711     
  0.58850000000000002       0.63498282188244448     
  0.58950000000000002       0.68398954314191018     
  0.59050000000000002       0.73620532758932178     
  0.59150000000000003       0.79154981699640636     
  0.59250000000000003       0.84989415440209448     
  0.59350000000000003       0.91105744926412235     
  0.59450000000000003       0.97480455063020532     
  0.59550000000000003        1.0408451047537799     
  0.59650000000000003        1.1088330284604024     
  0.59750000000000003        1.1783663567745459     
  0.59850000000000003        1.2489896827360831     
  0.59950000000000003        1.3201988210131161     
  0.60050000000000003        1.3914420575948947     
  0.60150000000000003        1.4621255183850834     
  0.60250000000000004        1.5316412825653873     
  0.60350000000000004        1.5994227132006655     
  0.60450000000000004        1.6649764745870905     
  0.60550000000000004        1.7278787207426569     
  0.60650000000000004        1.7877682061769973     
  0.60750000000000004        1.8443313277281499     
  0.60850000000000004        1.8972440272253921     
  0.60950000000000004        1.9460693447340456     
  0.61050000000000004        1.9901905602559138     
  0.61150000000000004        2.0288419538936786     
  0.61250000000000004        2.0612732289069515     
  0.61350000000000005        2.0869882642432307     
  0.61450000000000005        2.1057196174145596     
  0.61550000000000005        2.1176093866750900     
  0.61650000000000005        2.1243555262226130     
  0.61750000000000005        2.1282896093644119     
  0.61850000000000005        2.1309792507983505     
  0.61950000000000005        2.1334503683999615     
  0.62050000000000005        2.1362480348647481     
  0.62150000000000005        2.1394695410831717     
  0.62250000000000005        2.1426688954449982     
  0.62350000000000005        2.1448744731899114     
  0.62450000000000006        2.1457354839786849     
  0.62550000000000006        2.1458642484349895     
  0.62650000000000006        2.1456319218115887     
  0.62750000000000006        2.1451780344459039     
  0.62850000000000006        2.1449465337595210     
  0.62950000000000006        2.1449981119750228     
  0.63050000000000006        2.1454472517777989     
  0.63150000000000006        2.1466394535160154     
  0.63250000000000006        2.1490967980125992     
  0.63350000000000006        2.1530029069083936     
  0.63450000000000006        2.1579875988602368     
  0.63550000000000006        2.1635655735224293     
  0.63650000000000007        2.1693193671189150     
  0.63750000000000007        2.1750158163430342     
  0.63850000000000007        2.1806128613823721     
  0.63950000000000007        2.1861942348142356     
  0.64049999999999996        2.1918832221958433     
  0.64149999999999996        2.1977673806983522     
  0.64249999999999996        2.2038373845119468     
  0.64349999999999996        2.2100907827388485     
  0.64449999999999996        2.2155290274749171     
  0.64549999999999996        2.2449800295826390     
  0.64649999999999996        3.4991903939654647     
  0.64749999999999996        5.0343694701559434     
  0.64849999999999997        5.2111183340174971     
  0.64949999999999997        5.2417896632358554     
  0.65049999999999997        5.2641167322416074     
  0.65149999999999997        5.2725503527080875     
  0.65249999999999997        5.2464639008738496     
  0.65349999999999997        5.1980464081902120     
  0.65449999999999997        5.1528053964539611     
  0.65549999999999997        5.1178059950576182     
  0.65649999999999997        5.1038540095612950     
  0.65749999999999997        5.0961770380648579     
  0.65849999999999997        5.0793197271974426     
  0.65949999999999998        5.0389939270549284     
  0.66049999999999998        4.9885962045258978     
  0.66149999999999998        4.9410861935543879     
  0.66249999999999998        4.9049398854277388     
  0.66349999999999998        4.8862190924862823     
  0.66449999999999998        4.8702228869632487     
  0.66549999999999998        4.8442221757798789     
  0.66649999999999998        4.8011815836467990     
  0.66749999999999998        4.7532886532864458     
  0.66849999999999998        4.7087658749500489     
  0.66949999999999998        4.6747499092379572     
  0.67049999999999998        4.6513731738608444     
  0.67149999999999999        4.6281775067027748     
  0.67249999999999999        4.5964681057099375     
  0.67349999999999999        4.5548725823531280     
  0.67449999999999999        4.5106042589234638     
  0.67549999999999999        4.4705143668537426     
  0.67649999999999999        4.4387024684442578     
  0.67749999999999999        4.4135252386934027     
  0.67849999999999999        4.3899201299095187     
  0.67949999999999999        4.3638688675348485     
  0.68049999999999999        4.3354688639909300     
  0.68149999999999999        4.3086568803330048     
  0.68250000000000000        4.2882836522972871     
  0.68350000000000000        4.2760623487776073     
  0.68450000000000000        4.2696977357561812     
  0.68550000000000000        4.2653817888883365     
  0.68650000000000000        4.2598228209198519     
  0.68750000000000000        4.2521301916646159     
  0.68850000000000000        4.2441017518137647     
  0.68950000000000000        4.2382589115704556     
  0.69050000000000000        4.2355691101182886     
  0.69150000000000000        4.2352092554855583     
  0.69250000000000000        4.2353653474686732     
  0.69350000000000001        4.2333331490145687     
  0.69450000000000001        4.2283729938222594     
  0.69550000000000001        4.2223520180107501     
  0.69650000000000001        4.2169108919144875     
  0.69750000000000001        4.2127143382627965     
  0.69850000000000001        4.2089623577425614     
  0.69950000000000001        4.2037466364079865     
  0.70050000000000001        4.1957665857438000     
  0.70150000000000001        4.1852239311594515     
  0.70250000000000001        4.1733106449103676     
  0.70350000000000001        4.1614239252487870     
  0.70450000000000002        4.1502978466174998     
  0.70550000000000002        4.1395936870455481     
  0.70650000000000002        4.1282856645765946     
  0.70750000000000002        4.1154670230908019     
  0.70850000000000002        4.1009413252802789     
  0.70950000000000002        4.0852341115308493     
  0.71050000000000002        4.0691226702337246     
  0.71150000000000002        4.0530938651228388     
  0.71250000000000002        4.0371167195883446     
  0.71350000000000002        4.0208266852932333     
  0.71450000000000002        4.0039145212187579     
  0.71550000000000002        3.9864099494275149     
  0.71650000000000003        3.9686743980802368     
  0.71750000000000003        3.9511368861144103     
  0.71850000000000003        3.9339527658401816     
  0.71950000000000003        3.9167889781426886     
  0.72050000000000003        3.8989560630206057     
  0.72150000000000003        3.8799436135434533     
  0.72250000000000003        3.8595112217945835     
  0.72350000000000003        3.8345118195276569     
  0.72450000000000003        3.8046906519530226     
  0.72550000000000003        3.7735063373494309     
  0.72650000000000003        3.7398692618844156     
  0.72750000000000004        3.7038807109687362     
  0.72850000000000004        3.6676386316319767     
  0.72950000000000004        3.6334388561046498     
  0.73050000000000004        3.6007111446518962     
  0.73150000000000004        3.5699597379880643     
  0.73250000000000004        3.5434693104552424     
  0.73350000000000004        3.5212915523145862     
  0.73450000000000004        3.5010735246171389     
  0.73550000000000004        3.4817516102792929     
  0.73650000000000004        3.4629744811741969     
  0.73750000000000004        3.4447681308937121     
  0.73850000000000005        3.4274129182909641     
  0.73950000000000005        3.4112060190576767     
  0.74050000000000005        3.3961001097438612     
  0.74150000000000005        3.3826721039089129     
  0.74250000000000005        3.3736200873400120     
  0.74350000000000005        3.3702542768331161     
  0.74450000000000005        3.3700260656299736     
  0.74550000000000005        3.3712236488084559     
  0.74650000000000005        3.3737101498869926     
  0.74750000000000005        3.3775088383585588     
  0.74850000000000005        3.3831638487061113     
  0.74950000000000006        3.3902838366680803     
  0.75050000000000006        3.4012356356770272     
  0.75150000000000006        3.4208941400362849     
  0.75250000000000006        3.4523669988805739     
  0.75350000000000006        3.4963869567012931     
  0.75450000000000006        3.5542483887293628     
  0.75550000000000006        3.6268912746241999     
  0.75650000000000006        3.7148697198409617     
  0.75750000000000006        3.8183695517220291     
  0.75850000000000006        3.9371833156052207     
  0.75950000000000006        4.0707642904007750     
  0.76050000000000006        4.2183197006725637     
  0.76150000000000007        4.3788256930177720     
  0.76250000000000007        4.5508480431731977     
  0.76350000000000007        4.7320967292518157     
  0.76450000000000007        4.9187935869797279     
  0.76550000000000007        5.1051991182032266     
  0.76650000000000007        5.2838189094705852     
  0.76750000000000007        5.4466111684795555     
  0.76849999999999996        5.5869450876064759     
  0.76949999999999996        5.7014919382783731     
  0.77049999999999996        5.7910950734388207     
  0.77149999999999996        5.8601378475504262     
  0.77249999999999996        5.9147798127209557     
  0.77349999999999997        5.9610458069066636     
  0.77449999999999997        6.0036286415998594     
  0.77549999999999997        6.0459070626472808     
  0.77649999999999997        6.0902651524618756     
  0.77749999999999997        6.1372336280948367     
  0.77849999999999997        6.1873551540523257     
  0.77949999999999997        6.2347671185025915     
  0.78049999999999997        6.2364664615653451     
  0.78149999999999997        6.2090850034523593     
  0.78249999999999997        6.1791957263478814     
  0.78349999999999997        6.1534085739566065     
  0.78449999999999998        6.1267054377234507     
  0.78549999999999998        6.0966205520991847     
  0.78649999999999998        6.0605899324388668     
  0.78749999999999998        6.0145008479080415     
  0.78849999999999998        5.9525883517223477     
  0.78949999999999998        5.8680137428951769     
  0.79049999999999998        5.7581284805363069     
  0.79149999999999998        5.6209066194826631     
  0.79249999999999998        5.4509150851507941     
  0.79349999999999998        5.2404162557407430     
  0.79449999999999998        4.9815397473877763     
  0.79549999999999998        4.6678295080973662     
  0.79649999999999999        4.2957203165559763     
  0.79749999999999999        3.8660836995704000     
  0.79849999999999999        3.3851904318131236     
  0.79949999999999999        2.8653255560971913     
  0.80049999999999999        2.3254413495144175     
  0.80149999999999999        1.7963521154903315     
  0.80249999999999999        1.3369660852630665     
  0.80349999999999999        1.0445434390584136     
  0.80449999999999999       0.91863488000267779     
  0.80549999999999999       0.86705653483173384     
  0.80649999999999999       0.84881409188125645     
  0.80750000000000000       0.84205434589167982     
  0.80850000000000000       0.83837287323552079     
  0.80950000000000000       0.83763524464945116     
  0.81050000000000000       0.83811952747364105     
  0.81150000000000000       0.83876460622824489     
  0.81250000000000000       0.83941425320571084     
  0.81350000000000000       0.84022544970605662     
  0.81450000000000000       0.84173016787803601     
  0.81550000000000000       0.84551803621456034     
  0.81650000000000000       0.85125211090247188     
  0.81750000000000000       0.85664098158878532     
  0.81850000000000001       0.86059863249241886     
  0.81950000000000001       0.86272604811040365     
  0.82050000000000001       0.86379313105624334     
  0.82150000000000001       0.86453441338132453     
  0.82250000000000001       0.86508593703773107     
  0.82350000000000001       0.86496493848213107     
  0.82450000000000001       0.86394153578748467     
  0.82550000000000001       0.86284192349219591     
  0.82650000000000001       0.86178383981780993     
  0.82750000000000001       0.86087416705432318     
  0.82850000000000001       0.86010946629621532     
  0.82950000000000002       0.85951338571740132     
  0.83050000000000002       0.85897396654805969     
  0.83150000000000002       0.85862432051237125     
  0.83250000000000002       0.85842090821259209     
  0.83350000000000002       0.85838479069787466     
  0.83450000000000002       0.85842655107597066     
  0.83550000000000002       0.85852783225803597     
  0.83650000000000002       0.85856745800431666     
  0.83750000000000002       0.85854779619653776     
  0.83850000000000002       0.85838551840977573     
  0.83950000000000002       0.85833140485378268     
  0.84050000000000002       0.85853808274336008     
  0.84150000000000003       0.85911206782702632     
  0.84250000000000003       0.86004920386537698     
  0.84350000000000003       0.86127157991469316     
  0.84450000000000003       0.86272005861308887     
  0.84550000000000003       0.86445643750267454     
  0.84650000000000003       0.86673975463416009     
  0.84750000000000003       0.86983318377138141     
  0.84850000000000003       0.87366823931495496     
  0.84950000000000003       0.87750736817010477     
  0.85050000000000003       0.88102845665328822     
  0.85150000000000003       0.88402258455669502     
  0.85250000000000004       0.88680267243004052     
  0.85350000000000004       0.88926437958604165     
  0.85450000000000004       0.89172534555999183     
  0.85550000000000004       0.89409094486455665     
  0.85650000000000004       0.89670364981894524     
  0.85750000000000004       0.89918799065868793     
  0.85850000000000004       0.90183438071097644     
  0.85950000000000004       0.90480597623428372     
  0.86050000000000004       0.90895806624164255     
  0.86150000000000004       0.91112234477859833     
  0.86250000000000004       0.91155420415187638     
  0.86350000000000005       0.90845486505542039     
  0.86450000000000005       0.88725375422216379     
  0.86550000000000005       0.78665466152489572     
  0.86650000000000005       0.50011768073061713     
  0.86750000000000005       0.32817016056620202     
  0.86850000000000005       0.30850998003702995     
  0.86950000000000005       0.30731222254251067     
  0.87050000000000005       0.30736282831353162     
  0.87150000000000005       0.30751522170803391     
  0.87250000000000005       0.30766772403067993     
  0.87350000000000005       0.30779491860866010     
  0.87450000000000006       0.30790983026963681     
  0.87550000000000006       0.30801638266095532     
  0.87650000000000006       0.30811421747131035     
  0.87750000000000006       0.30820321637597964     
  0.87850000000000006       0.30828361968658691     
  0.87950000000000006       0.30835568215905201     
  0.88050000000000006       0.30841964645205816     
  0.88150000000000006       0.30847578480097049     
  0.88250000000000006       0.30852447353687412     
  0.88350000000000006       0.30856618902139016     
  0.88450000000000006       0.30860126967136731     
  0.88550000000000006       0.30862991141226559     
  0.88650000000000007       0.30865256215895059     
  0.88750000000000007       0.30867059834745175     
  0.88850000000000007       0.30868518072843759     
  0.88950000000000007       0.30869711801611860     
  0.89050000000000007       0.30870672061660415     
  0.89150000000000007       0.30871373019452886     
  0.89250000000000007       0.30871954133030655     
  0.89350000000000007       0.30872499409317417     
  0.89450000000000007       0.30873039583090450     
  0.89550000000000007       0.30873583136579302     
  0.89649999999999996       0.30874131481576034     
  0.89749999999999996       0.30874686135649404     
  0.89849999999999997       0.30875268667223588     
  0.89949999999999997       0.30875879573227577     
  0.90049999999999997       0.30876494495368628     
  0.90149999999999997       0.30877084053560444     
  0.90249999999999997       0.30877627202410557     
  0.90349999999999997       0.30878099712076440     
  0.90449999999999997       0.30878484812537060     
  0.90549999999999997       0.30878799425717801     
  0.90649999999999997       0.30878981066641398     
  0.90749999999999997       0.30879015918656566     
  0.90849999999999997       0.30879006463275033     
  0.90949999999999998       0.30878965203395708     
  0.91049999999999998       0.30878868405533927     
  0.91149999999999998       0.30878737402639506     
  0.91249999999999998       0.30878596342832004     
  0.91349999999999998       0.30878460745813124     
  0.91449999999999998       0.30878342168703282     
  0.91549999999999998       0.30878248255418578     
  0.91649999999999998       0.30878183245839236     
  0.91749999999999998       0.30878150406562516     
  0.91849999999999998       0.30878150568118690     
  0.91949999999999998       0.30878172148183447     
  0.92049999999999998       0.30878205144583432     
  0.92149999999999999       0.30878252578065329     
  0.92249999999999999       0.30878309346948413     
  0.92349999999999999       0.30878363501118727     
  0.92449999999999999       0.30878409222681824     
  0.92549999999999999       0.30878447913139490     
  0.92649999999999999       0.30878475966761293     
  0.92749999999999999       0.30878483855837141     
  0.92849999999999999       0.30878476288570511     
  0.92949999999999999       0.30878460979623296     
  0.93049999999999999       0.30878430603458301     
  0.93149999999999999       0.30878374394125879     
  0.93250000000000000       0.30878287263675430     
  0.93350000000000000       0.30878163954464710     
  0.93450000000000000       0.30877997132344609     
  0.93550000000000000       0.30877780208308342     
  0.93650000000000000       0.30877509582121715     
  0.93750000000000000       0.30877187532334527     
  0.93850000000000000       0.30876821713461311     
  0.93950000000000000       0.30876418818960333     
  0.94050000000000000       0.30875991240276823     
  0.94150000000000000       0.30875507492065024     
  0.94250000000000000       0.30875122645912201     
  0.94350000000000001       0.30874674918758793     
  0.94450000000000001       0.30874278557360996     
  0.94550000000000001       0.30873920871043220     
  0.94650000000000001       0.30873613993425658     
  0.94750000000000001       0.30873370493322844     
  0.94850000000000001       0.30873196714461093     
  0.94950000000000001       0.30873086821400830     
  0.95050000000000001       0.30873031092353742     
  0.95150000000000001       0.30873019624649117     
  0.95250000000000001       0.30872978885971175     
  0.95350000000000001       0.30873042339683648     
  0.95450000000000002       0.30873138035413689     
  0.95550000000000002       0.30873305765056808     
  0.95650000000000002       0.30873543209463494     
  0.95750000000000002       0.30873819044126993     
  0.95850000000000002       0.30874141481074940     
  0.95950000000000002       0.30874493567349581     
  0.96050000000000002       0.30874853593415513     
  0.96150000000000002       0.30875197337948990     
  0.96250000000000002       0.30875498593515210     
  0.96350000000000002       0.30875745568311946     
  0.96450000000000002       0.30875888595420647     
  0.96550000000000002       0.30875922592827848     
  0.96650000000000003       0.30875759351407772     
  0.96750000000000003       0.30875431635406331     
  0.96850000000000003       0.30874941740084555     
  0.96950000000000003       0.30874268546564981     
  0.97050000000000003       0.30873400088376707     
  0.97150000000000003       0.30872375782166744     
  0.97250000000000003       0.30871255891358101     
  0.97350000000000003       0.30870109351834873     
  0.97450000000000003       0.30869250235964574     
  0.97550000000000003       0.30868912338628246     
  0.97650000000000003       0.30868729293382463     
  0.97750000000000004       0.30868664253943184     
  0.97850000000000004       0.30868838820778510     
  0.97950000000000004       0.30869344685345429     
  0.98050000000000004       0.30870189748252624     
  0.98150000000000004       0.30871342736653523     
  0.98250000000000004       0.30872717479765888     
  0.98350000000000004       0.30874195219711659     
  0.98450000000000004       0.30875531316960053     
  0.98550000000000004       0.30876363836857484     
  0.98650000000000004       0.30876688761199705     
  0.98750000000000004       0.30876788453213594     
  0.98850000000000005       0.30876649633569259     
  0.98950000000000005       0.30876086177064360     
  0.99050000000000005       0.30875333844308567     
  0.99150000000000005       0.30874432971677607     
  0.99250000000000005       0.30873410762708353     
  0.99350000000000005       0.30872327901464885     
  0.99450000000000005       0.30871259676020568     
  0.99550000000000005       0.30870336797212716     
  0.99650000000000005       0.30869782689930048     
  0.99750000000000005       0.30869551366074410     
  0.99850000000000005       0.30869453260059371     
  0.99950000000000006       0.30869448595462318     
