   1.2500000000000000E-003  0.14969300866407889     
   3.7499999999999999E-003  0.14969944284035172     
   6.2500000000000003E-003  0.14970987269175365     
   8.7500000000000008E-003  0.14972695376958370     
   1.1250000000000000E-002  0.14975034077577523     
   1.3750000000000000E-002  0.14978018732349715     
   1.6250000000000001E-002  0.14981637591503646     
   1.8749999999999999E-002  0.14985875701438886     
   2.1250000000000002E-002  0.14990707264815503     
   2.3750000000000000E-002  0.14996101327924252     
   2.6249999999999999E-002  0.15002023465497935     
   2.8750000000000001E-002  0.15008438522554071     
   3.1250000000000000E-002  0.15015312665813926     
   3.3750000000000002E-002  0.15022614836940965     
   3.6249999999999998E-002  0.15030317555273118     
   3.8750000000000000E-002  0.15038397398612055     
   4.1250000000000002E-002  0.15046835239160197     
   4.3750000000000004E-002  0.15055616593620638     
   4.6249999999999999E-002  0.15064731555938668     
   4.8750000000000002E-002  0.15074174645265745     
   5.1250000000000004E-002  0.15083944411872033     
   5.3749999999999999E-002  0.15094042218028059     
   5.6250000000000001E-002  0.15104471673229802     
   5.8750000000000004E-002  0.15115237075895113     
   6.1249999999999999E-002  0.15126341614247488     
   6.3750000000000001E-002  0.15137785955484365     
   6.6250000000000003E-002  0.15149569262745913     
   6.8750000000000006E-002  0.15161689428853167     
   7.1250000000000008E-002  0.15174144375873372     
   7.3749999999999996E-002  0.15186932696807612     
   7.6249999999999998E-002  0.15200053310121278     
   7.8750000000000001E-002  0.15213505224371443     
   8.1250000000000003E-002  0.15227287161765243     
   8.3750000000000005E-002  0.15241396863858261     
   8.6250000000000007E-002  0.15255830101029999     
   8.8749999999999996E-002  0.15270580361724853     
   9.1249999999999998E-002  0.15285638770495283     
   9.3750000000000000E-002  0.15300994285166294     
   9.6250000000000002E-002  0.15316634140526228     
   9.8750000000000004E-002  0.15332544461667630     
  0.10125000000000001       0.15348710910908422     
  0.10375000000000001       0.15365119223483462     
  0.10625000000000000       0.15381755554823576     
  0.10875000000000000       0.15398606652394761     
  0.11125000000000000       0.15415659881780597     
  0.11375000000000000       0.15432903177740864     
  0.11625000000000001       0.15450325075865284     
  0.11875000000000001       0.15467914646818320     
  0.12125000000000000       0.15485661429423639     
  0.12375000000000000       0.15503555534434507     
  0.12625000000000000       0.15521587728569491     
  0.12875000000000000       0.15539749555442914     
  0.13125000000000001       0.15558033487264986     
  0.13375000000000001       0.15576433080749189     
  0.13625000000000001       0.15594943096767813     
  0.13875000000000001       0.15613559575170707     
  0.14125000000000001       0.15632279984239336     
  0.14375000000000002       0.15651103173436853     
  0.14624999999999999       0.15670029161345042     
  0.14874999999999999       0.15689058835346933     
  0.15125000000000000       0.15708194177375981     
  0.15375000000000000       0.15727437449725742     
  0.15625000000000000       0.15746791077115194     
  0.15875000000000000       0.15766257617648774     
  0.16125000000000000       0.15785839445865976     
  0.16375000000000001       0.15805538568772939     
  0.16625000000000001       0.15825356640184604     
  0.16875000000000001       0.15845295077394225     
  0.17125000000000001       0.15865354942054313     
  0.17375000000000002       0.15885536846288040     
  0.17624999999999999       0.15905840898565274     
  0.17874999999999999       0.15926266590183011     
  0.18124999999999999       0.15946812594738571     
  0.18375000000000000       0.15967476130127564     
  0.18625000000000000       0.15988252724264254     
  0.18875000000000000       0.16009136279539252     
  0.19125000000000000       0.16030119162910791     
  0.19375000000000001       0.16051192491122349     
  0.19625000000000001       0.16072346545335070     
  0.19875000000000001       0.16093571216966882     
  0.20125000000000001       0.16114856439890379     
  0.20375000000000001       0.16136192566353488     
  0.20625000000000002       0.16157570619299064     
  0.20874999999999999       0.16178982487733132     
  0.21124999999999999       0.16200421127180553     
  0.21375000000000000       0.16221880645408107     
  0.21625000000000000       0.16243356408837348     
  0.21875000000000000       0.16264845397250996     
  0.22125000000000000       0.16286345762312321     
  0.22375000000000000       0.16307856637066034     
  0.22625000000000001       0.16329378096566760     
  0.22875000000000001       0.16350911229446377     
  0.23125000000000001       0.16372458047124150     
  0.23375000000000001       0.16394021984020271     
  0.23625000000000002       0.16415607740759883     
  0.23875000000000002       0.16437220844316955     
  0.24124999999999999       0.16458866938528932     
  0.24374999999999999       0.16480551040111754     
  0.24625000000000000       0.16502276508947808     
  0.24875000000000000       0.16524043894537049     
  0.25125000000000003       0.16545851035179396     
  0.25375000000000003       0.16567692964236930     
  0.25624999999999998       0.16589562617677867     
  0.25874999999999998       0.16611452073934244     
  0.26124999999999998       0.16633353535921966     
  0.26374999999999998       0.16655260463524169     
  0.26624999999999999       0.16677168234032028     
  0.26874999999999999       0.16699073555955224     
  0.27124999999999999       0.16720974197155139     
  0.27374999999999999       0.16742866596279271     
  0.27625000000000000       0.16764743992574013     
  0.27875000000000000       0.16786596789288014     
  0.28125000000000000       0.16808413119810195     
  0.28375000000000000       0.16830180782415441     
  0.28625000000000000       0.16851889883573648     
  0.28875000000000001       0.16873535119730229     
  0.29125000000000001       0.16895117418113662     
  0.29375000000000001       0.16916643229067851     
  0.29625000000000001       0.16938122132192332     
  0.29875000000000002       0.16959563790309670     
  0.30125000000000002       0.16980974515404335     
  0.30375000000000002       0.17002354943919251     
  0.30625000000000002       0.17023698585409031     
  0.30875000000000002       0.17044993309826137     
  0.31125000000000003       0.17066223373651943     
  0.31375000000000003       0.17087372178770255     
  0.31625000000000003       0.17108424851395099     
  0.31875000000000003       0.17129369937902184     
  0.32124999999999998       0.17150199867412430     
  0.32374999999999998       0.17170910269443806     
  0.32624999999999998       0.17191498579274825     
  0.32874999999999999       0.17211962499329478     
  0.33124999999999999       0.17232298762461337     
  0.33374999999999999       0.17252502512180481     
  0.33624999999999999       0.17272567660898022     
  0.33875000000000000       0.17292487828038741     
  0.34125000000000000       0.17312257579708104     
  0.34375000000000000       0.17331873346938986     
  0.34625000000000000       0.17351334478621480     
  0.34875000000000000       0.17370643171219516     
  0.35125000000000001       0.17389803500494505     
  0.35375000000000001       0.17408820614910428     
  0.35625000000000001       0.17427699809975414     
  0.35875000000000001       0.17446445700911553     
  0.36125000000000002       0.17465061743530530     
  0.36375000000000002       0.17483550180559992     
  0.36625000000000002       0.17501912201845113     
  0.36875000000000002       0.17520148291852342     
  0.37125000000000002       0.17538258730364251     
  0.37375000000000003       0.17556243925653872     
  0.37625000000000003       0.17574104360144840     
  0.37875000000000003       0.17591840369800779     
  0.38125000000000003       0.17609452256385352     
  0.38375000000000004       0.17626940494448418     
  0.38624999999999998       0.17644305861016785     
  0.38874999999999998       0.17661548637905733     
  0.39124999999999999       0.17678668074928497     
  0.39374999999999999       0.17695662521852099     
  0.39624999999999999       0.17712530392445261     
  0.39874999999999999       0.17729271840181829     
  0.40125000000000000       0.17745888165119236     
  0.40375000000000000       0.17762379997551173     
  0.40625000000000000       0.17778745856272216     
  0.40875000000000000       0.17794980876520614     
  0.41125000000000000       0.17811079687736728     
  0.41375000000000001       0.17827040695757476     
  0.41625000000000001       0.17842867644519853     
  0.41875000000000001       0.17858566547067989     
  0.42125000000000001       0.17874140897967969     
  0.42375000000000002       0.17889588776633214     
  0.42625000000000002       0.17904906341247229     
  0.42875000000000002       0.17920094196543856     
  0.43125000000000002       0.17935162484301626     
  0.43375000000000002       0.17950127241807254     
  0.43625000000000003       0.17965003053396555     
  0.43875000000000003       0.17979799761991189     
  0.44125000000000003       0.17994522349061129     
  0.44375000000000003       0.18009178246719690     
  0.44625000000000004       0.18023785460512820     
  0.44874999999999998       0.18038367905645680     
  0.45124999999999998       0.18052948102295871     
  0.45374999999999999       0.18067544195909280     
  0.45624999999999999       0.18082169072826673     
  0.45874999999999999       0.18096835462687852     
  0.46124999999999999       0.18111558515892112     
  0.46375000000000000       0.18126351445994923     
  0.46625000000000000       0.18141221831862564     
  0.46875000000000000       0.18156171187894657     
  0.47125000000000000       0.18171196699875172     
  0.47375000000000000       0.18186292878638025     
  0.47625000000000001       0.18201458349283720     
  0.47875000000000001       0.18216703431296585     
  0.48125000000000001       0.18232057136691240     
  0.48375000000000001       0.18247568817976303     
  0.48625000000000002       0.18263316216783712     
  0.48875000000000002       0.18279423131734029     
  0.49125000000000002       0.18296078944739910     
  0.49375000000000002       0.18313529068125581     
  0.49625000000000002       0.18332063982340771     
  0.49875000000000003       0.18352018828829339     
  0.50124999999999997       0.18373805668858054     
  0.50375000000000003       0.18397918762764306     
  0.50624999999999998       0.18424925869322908     
  0.50875000000000004       0.18455495026250443     
  0.51124999999999998       0.18490505864240217     
  0.51375000000000004       0.18531138771728883     
  0.51624999999999999       0.18578913016121387     
  0.51875000000000004       0.18635789968692018     
  0.52124999999999999       0.18704416103497123     
  0.52375000000000005       0.18788239669827855     
  0.52625000000000000       0.18891569273420306     
  0.52875000000000005       0.19019855278433492     
  0.53125000000000000       0.19179923777172370     
  0.53375000000000006       0.19380081788202566     
  0.53625000000000000       0.19630442767682721     
  0.53875000000000006       0.19943216815612200     
  0.54125000000000001       0.20332957630695270     
  0.54375000000000007       0.20816899265901187     
  0.54625000000000001       0.21415241382981129     
  0.54874999999999996       0.22151390880869193     
  0.55125000000000002       0.23052146313378064     
  0.55374999999999996       0.24147772206230145     
  0.55625000000000002       0.25471932789539148     
  0.55874999999999997       0.27061457761402913     
  0.56125000000000003       0.28955905095885448     
  0.56374999999999997       0.31196898187956340     
  0.56625000000000003       0.33827219868856212     
  0.56874999999999998       0.36889652361602976     
  0.57125000000000004       0.40425543065846137     
  0.57374999999999998       0.44473068493999057     
  0.57625000000000004       0.49065138362340877     
  0.57874999999999999       0.54226578535034886     
  0.58125000000000004       0.59970741095393199     
  0.58374999999999999       0.66300633687519317     
  0.58625000000000005       0.73207086560526891     
  0.58875000000000000       0.80665847770239740     
  0.59125000000000005       0.88635401768689082     
  0.59375000000000000       0.97056497239145922     
  0.59625000000000006        1.0585303827379928     
  0.59875000000000000        1.1493410586202784     
  0.60125000000000006        1.2419653348362718     
  0.60375000000000001        1.3352778176369284     
  0.60625000000000007        1.4280996058798847     
  0.60875000000000001        1.5192402298967547     
  0.61124999999999996        1.6075339157734154     
  0.61375000000000002        1.6918761359067902     
  0.61624999999999996        1.7712589223207755     
  0.61875000000000002        1.8447827088641606     
  0.62124999999999997        1.9116748603324087     
  0.62375000000000003        1.9714133177485842     
  0.62624999999999997        2.0238051416460276     
  0.62875000000000003        2.0689689619202176     
  0.63124999999999998        2.1072462506423091     
  0.63375000000000004        2.1390600421301493     
  0.63624999999999998        2.1648707059792289     
  0.63875000000000004        2.1854157477317711     
  0.64124999999999999        2.2001110736203118     
  0.64375000000000004        2.2387280477116360     
  0.64624999999999999        3.4865235305101998     
  0.64875000000000005        5.0325082974124040     
  0.65125000000000000        5.1407365881044944     
  0.65375000000000005        5.0344182837165130     
  0.65625000000000000        4.9703470763360924     
  0.65875000000000006        4.9569073099872938     
  0.66125000000000000        4.9186051552766950     
  0.66375000000000006        4.8435605580607719     
  0.66625000000000001        4.7358550143763081     
  0.66875000000000007        4.6238632285781422     
  0.67125000000000001        4.5297985374412182     
  0.67374999999999996        4.4714014272650600     
  0.67625000000000002        4.4379768803871462     
  0.67874999999999996        4.4082737606964075     
  0.68125000000000002        4.3653476413088894     
  0.68374999999999997        4.3113599455826961     
  0.68625000000000003        4.2625111609700763     
  0.68874999999999997        4.2327404031366163     
  0.69125000000000003        4.2227907879058284     
  0.69374999999999998        4.2252172720937820     
  0.69625000000000004        4.2294702696639996     
  0.69874999999999998        4.2211912157095197     
  0.70125000000000004        4.1978548973691172     
  0.70374999999999999        4.1672435262565193     
  0.70625000000000004        4.1346495131841259     
  0.70874999999999999        4.0995078117392110     
  0.71125000000000005        4.0578762282983147     
  0.71375000000000000        4.0034388961497402     
  0.71625000000000005        3.9352747200319445     
  0.71875000000000000        3.8638860892869986     
  0.72125000000000006        3.7962912341504080     
  0.72375000000000000        3.7383260365892532     
  0.72625000000000006        3.6957834158957588     
  0.72875000000000001        3.6707345186748785     
  0.73125000000000007        3.6605396947337572     
  0.73375000000000001        3.6582745310193867     
  0.73624999999999996        3.6566619021204425     
  0.73875000000000002        3.6713948231050413     
  0.74124999999999996        3.7266541677445386     
  0.74375000000000002        3.8072998905598721     
  0.74624999999999997        3.9018960001732559     
  0.74875000000000003        4.0086269096950806     
  0.75124999999999997        4.1291145834138252     
  0.75375000000000003        4.2724765759447036     
  0.75624999999999998        4.4553165255446867     
  0.75875000000000004        4.6702513445512208     
  0.76124999999999998        4.8570282451826765     
  0.76375000000000004        4.9716977474422555     
  0.76624999999999999        5.0311699612941636     
  0.76875000000000004        5.0587729040905938     
  0.77124999999999999        5.0726945671396670     
  0.77375000000000005        5.1005216793235295     
  0.77625000000000000        5.1687048876555366     
  0.77875000000000005        5.2378090137383762     
  0.78125000000000000        5.2299471156212816     
  0.78375000000000006        5.1745456986592737     
  0.78625000000000000        5.1002258600716219     
  0.78875000000000006        5.0012613645343942     
  0.79125000000000001        4.8535125544121680     
  0.79375000000000007        4.6271984605044452     
  0.79625000000000001        4.2820734448102886     
  0.79875000000000007        3.7986233193793955     
  0.80125000000000002        3.2027772911233594     
  0.80374999999999996        2.5391884493376464     
  0.80625000000000002        1.8723891087051376     
  0.80874999999999997        1.3115499587416006     
  0.81125000000000003        1.0083881090456670     
  0.81374999999999997       0.89008631621302303     
  0.81625000000000003       0.84913271653273714     
  0.81874999999999998       0.83493514413732839     
  0.82125000000000004       0.82769940719245338     
  0.82374999999999998       0.82578433742527002     
  0.82625000000000004       0.82695038970766255     
  0.82874999999999999       0.83138405685568484     
  0.83125000000000004       0.83897276737760584     
  0.83374999999999999       0.84844246227533693     
  0.83625000000000005       0.85718763566059863     
  0.83875000000000000       0.86310106787078034     
  0.84125000000000005       0.86710818703581738     
  0.84375000000000000       0.87034746980791755     
  0.84625000000000006       0.87359028090243074     
  0.84875000000000000       0.87741816612647217     
  0.85125000000000006       0.88175684719550496     
  0.85375000000000001       0.88820230938409939     
  0.85625000000000007       0.89563513630153579     
  0.85875000000000001       0.89869742449661938     
  0.86125000000000007       0.89780521461019847     
  0.86375000000000002       0.87735416856121240     
  0.86624999999999996       0.77154122192091645     
  0.86875000000000002       0.47838297836288907     
  0.87124999999999997       0.32105215643888801     
  0.87375000000000003       0.30484460804934838     
  0.87624999999999997       0.30422922228717941     
  0.87875000000000003       0.30459576830901008     
  0.88124999999999998       0.30505663311102449     
  0.88375000000000004       0.30545762255745623     
  0.88624999999999998       0.30581151086216257     
  0.88875000000000004       0.30613233932709455     
  0.89124999999999999       0.30641959986472850     
  0.89375000000000004       0.30667262641204801     
  0.89624999999999999       0.30689069373433425     
  0.89875000000000005       0.30707539128666356     
  0.90125000000000000       0.30723383135477134     
  0.90375000000000005       0.30737472167863578     
  0.90625000000000000       0.30749693725184141     
  0.90875000000000006       0.30760402883813859     
  0.91125000000000000       0.30770200825549787     
  0.91375000000000006       0.30779303293847043     
  0.91625000000000001       0.30787759728232883     
  0.91875000000000007       0.30795588149288722     
  0.92125000000000001       0.30802808408265692     
  0.92375000000000007       0.30809428399521338     
  0.92625000000000002       0.30815401222055777     
  0.92874999999999996       0.30820646784637679     
  0.93125000000000002       0.30825160547240893     
  0.93374999999999997       0.30829027520976043     
  0.93625000000000003       0.30832391353832017     
  0.93874999999999997       0.30835398065069552     
  0.94125000000000003       0.30838140958381421     
  0.94374999999999998       0.30840634749609558     
  0.94625000000000004       0.30842838022843538     
  0.94874999999999998       0.30844714942334334     
  0.95125000000000004       0.30846287073620204     
  0.95374999999999999       0.30847655239872496     
  0.95625000000000004       0.30848951937133345     
  0.95874999999999999       0.30850293855313315     
  0.96125000000000005       0.30851773701040058     
  0.96375000000000000       0.30853489642107068     
  0.96625000000000005       0.30855597557405962     
  0.96875000000000000       0.30858198236830542     
  0.97125000000000006       0.30861063897045182     
  0.97375000000000000       0.30863310940980887     
  0.97625000000000006       0.30864293277014077     
  0.97875000000000001       0.30864409316864871     
  0.98125000000000007       0.30864045755966868     
  0.98375000000000001       0.30862799289750509     
  0.98625000000000007       0.30860099862977847     
  0.98875000000000002       0.30856164329461727     
  0.99125000000000008       0.30852020595044499     
  0.99375000000000002       0.30848962127734170     
  0.99624999999999997       0.30847604690114450     
  0.99875000000000003       0.30847477071782464     
