   5.0000000000000001E-003   1.3999971127030415     
   1.4999999999999999E-002   1.3999969807235706     
   2.5000000000000001E-002   1.3999969653668287     
   3.5000000000000003E-002   1.3999969715751204     
   4.4999999999999998E-002   1.3999970634888381     
   5.5000000000000000E-002   1.3999972462079626     
   6.5000000000000002E-002   1.3999974173292744     
   7.4999999999999997E-002   1.3999974107280913     
   8.5000000000000006E-002   1.3999973807124189     
   9.5000000000000001E-002   1.3999971573384895     
  0.10500000000000000        1.3999966791034024     
  0.11500000000000000        1.3999964510736351     
  0.12500000000000000        1.3999962311773382     
  0.13500000000000001        1.3999962725297408     
  0.14499999999999999        1.3999965353558315     
  0.15500000000000000        1.3999971534588200     
  0.16500000000000001        1.3999977416327105     
  0.17500000000000002        1.3999978105613398     
  0.18500000000000000        1.3999978923756211     
  0.19500000000000001        1.3999975834983471     
  0.20500000000000002        1.3999966803599102     
  0.21500000000000000        1.3999962272892155     
  0.22500000000000001        1.3999959449381085     
  0.23500000000000001        1.3999960559710773     
  0.24500000000000000        1.3999962613067281     
  0.25500000000000000        1.3999964724696288     
  0.26500000000000001        1.3999967403978222     
  0.27500000000000002        1.3999972963838179     
  0.28500000000000003        1.3999977661820597     
  0.29499999999999998        1.3999974021809667     
  0.30499999999999999        1.3999954780284700     
  0.31500000000000000        1.3999938204722759     
  0.32500000000000001        1.3999932964004340     
  0.33500000000000002        1.3999946815272883     
  0.34500000000000003        1.3999932798614720     
  0.35499999999999998        1.3999870519519313     
  0.36499999999999999        1.3999740023445524     
  0.37500000000000000        1.3999519736185284     
  0.38500000000000001        1.3999161720059954     
  0.39500000000000002        1.3998295292201164     
  0.40500000000000003        1.3996218984983748     
  0.41500000000000004        1.3991740777311679     
  0.42499999999999999        1.3983013570192464     
  0.43500000000000000        1.3965097603782617     
  0.44500000000000001        1.3927868123277192     
  0.45500000000000002        1.3852562269239892     
  0.46500000000000002        1.3704288965963667     
  0.47500000000000003        1.3423092798632581     
  0.48499999999999999        1.2965840022173405     
  0.49500000000000000        1.2370038667364882     
  0.50500000000000000        1.1698066987447793     
  0.51500000000000001        1.1071449355079284     
  0.52500000000000002        1.0572053498916951     
  0.53500000000000003        1.0263850103805374     
  0.54500000000000004        1.0120604297115214     
  0.55500000000000005        1.0054182299872960     
  0.56500000000000006        1.0024178263905246     
  0.57500000000000007        1.0010726397929621     
  0.58499999999999996        1.0004616866860403     
  0.59499999999999997        1.0001914666110241     
  0.60499999999999998        1.0000795578548400     
  0.61499999999999999        1.0000356154112338     
  0.62500000000000000        1.0000163093301337     
  0.63500000000000001        1.0000061810130896     
  0.64500000000000002       0.99999847751242399     
  0.65500000000000003       0.99999472745983142     
  0.66500000000000004       0.99999382853376417     
  0.67500000000000004       0.99999561499385903     
  0.68500000000000005       0.99999772017397881     
  0.69500000000000006       0.99999812507342789     
  0.70499999999999996       0.99999817877789365     
  0.71499999999999997       0.99999795147342840     
  0.72499999999999998       0.99999784002817960     
  0.73499999999999999       0.99999819903212128     
  0.74500000000000000       0.99999842757922253     
  0.75500000000000000       0.99999778707014686     
  0.76500000000000001       0.99999735841085824     
  0.77500000000000002       0.99999700661577073     
  0.78500000000000003       0.99999688737140080     
  0.79500000000000004       0.99999744355742715     
  0.80500000000000005       0.99999802980477603     
  0.81500000000000006       0.99999828024775794     
  0.82500000000000007       0.99999826754029308     
  0.83499999999999996       0.99999831976164311     
  0.84499999999999997       0.99999827665470231     
  0.85499999999999998       0.99999814199260084     
  0.86499999999999999       0.99999800658462579     
  0.87500000000000000       0.99999794054084667     
  0.88500000000000001       0.99999752977353829     
  0.89500000000000002       0.99999708582826363     
  0.90500000000000003       0.99999666783439911     
  0.91500000000000004       0.99999655765685880     
  0.92500000000000004       0.99999673973929493     
  0.93500000000000005       0.99999692835413745     
  0.94500000000000006       0.99999737783288234     
  0.95500000000000007       0.99999758031187380     
  0.96499999999999997       0.99999758336141664     
  0.97499999999999998       0.99999756180814747     
  0.98499999999999999       0.99999735150864144     
  0.99500000000000000       0.99999709193442110     
