  -4.4824218750000000        3.8571430000000002     
  -4.4472656250000000        3.8571430000000002     
  -4.4121093750000000        3.8571430000000002     
  -4.3769531250000000        3.8571430000000002     
  -4.3417968750000000        3.8571430000000002     
  -4.3066406250000000        3.8571430000000002     
  -4.2714843750000000        3.8571430000000002     
  -4.2363281250000000        3.8571430000000002     
  -4.2011718750000000        3.8571430000000002     
  -4.1660156250000000        3.8571430000000002     
  -4.1308593750000000        3.8571430000000002     
  -4.0957031250000000        3.8571430000000002     
  -4.0605468750000000        3.8571430000000002     
  -4.0253906250000000        3.8571429999999958     
  -3.9902343750000000        3.8571429999999918     
  -3.9550781250000000        3.8571429999999860     
  -3.9199218750000000        3.8571429999999793     
  -3.8847656250000000        3.8571429999999722     
  -3.8496093750000000        3.8571429999999665     
  -3.8144531250000000        3.8571429999999611     
  -3.7792968750000000        3.8571429999999558     
  -3.7441406250000000        3.8571429999999522     
  -3.7089843750000000        3.8571429999999522     
  -3.6738281250000000        3.8571429999999496     
  -3.6386718750000000        3.8571429999999167     
  -3.6035156250000000        3.8571429999996760     
  -3.5683593750000000        3.8571429999981848     
  -3.5332031250000000        3.8571429999897098     
  -3.4980468750000000        3.8571429999455558     
  -3.4628906250000000        3.8571429997330831     
  -3.4277343750000000        3.8571429987846315     
  -3.3925781250000000        3.8571429948433220     
  -3.3574218750000000        3.8571429795506753     
  -3.3222656250000000        3.8571429240041470     
  -3.2871093750000000        3.8571427347183795     
  -3.2519531250000000        3.8571421284327267     
  -3.2167968750000000        3.8571403002653972     
  -3.1816406250000000        3.8571351039759310     
  -3.1464843750000000        3.8571211674637418     
  -3.1113281250000000        3.8570858707048887     
  -3.0761718750000000        3.8570014061249136     
  -3.0410156250000000        3.8568103606704476     
  -3.0058593750000000        3.8564018023251410     
  -2.9707031250000000        3.8555753433277498     
  -2.9355468750000000        3.8539923903753972     
  -2.9003906250000000        3.8511151777333184     
  -2.8652343750000000        3.8461285420172584     
  -2.8300781250000000        3.8378087475412834     
  -2.7949218750000000        3.8242145732167696     
  -2.7597656250000000        3.8025298435448391     
  -2.7246093750000000        3.7725103608456627     
  -2.6894531250000000        3.7495081475583585     
  -2.6542968750000000        3.7466991802136338     
  -2.6191406250000000        3.7517110402397544     
  -2.5839843750000000        3.7773966452979213     
  -2.5488281250000000        3.8534536688651220     
  -2.5136718750000000        3.9739951048733637     
  -2.4785156250000000        4.0311973872264764     
  -2.4433593750000000        4.0403676018803321     
  -2.4082031250000000        4.0400852082346290     
  -2.3730468750000000        4.0360243189913865     
  -2.3378906250000000        4.0255251683774365     
  -2.3027343750000000        4.0082139147764915     
  -2.2675781250000000        3.9878458171649100     
  -2.2324218750000000        3.9667291372804327     
  -2.1972656250000000        3.9456680287069097     
  -2.1621093750000000        3.9247577424972415     
  -2.1269531250000000        3.9039044573859658     
  -2.0917968750000000        3.8830217151298556     
  -2.0566406250000000        3.8620716732837566     
  -2.0214843750000000        3.8410651433118712     
  -1.9863281250000000        3.8200575600594178     
  -1.9511718750000000        3.7991373655856209     
  -1.9160156250000000        3.7783856956075592     
  -1.8808593750000000        3.7577577733420764     
  -1.8457031250000000        3.7368560687225112     
  -1.8105468750000000        3.7146237003970373     
  -1.7753906250000000        3.6896321983440585     
  -1.7402343750000000        3.6640383912191048     
  -1.7050781250000000        3.6510995384374749     
  -1.6699218750000000        3.6498008116227632     
  -1.6347656250000000        3.6529076408491079     
  -1.5996093750000000        3.6694343518139960     
  -1.5644531250000000        3.7257031342757916     
  -1.5292968750000000        3.8633313834905358     
  -1.4941406250000000        4.0060929992909404     
  -1.4589843750000000        4.0467844540303011     
  -1.4238281250000000        4.0512269189662531     
  -1.3886718750000000        4.0504471418278252     
  -1.3535156250000000        4.0459939158873626     
  -1.3183593750000000        4.0351911781884580     
  -1.2832031250000000        4.0173065329064537     
  -1.2480468750000000        3.9957343189556234     
  -1.2128906250000000        3.9729729548348907     
  -1.1777343750000000        3.9501927936527443     
  -1.1425781250000000        3.9276659478726130     
  -1.1074218750000000        3.9052547253380698     
  -1.0722656250000000        3.8827227621091365     
  -1.0371093750000000        3.8598399030764949     
  -1.0019531250000000        3.8364232603240249     
 -0.96679687500000000        3.8123656268992203     
 -0.93164062500000000        3.7877036761895368     
 -0.89648437500000000        3.7627696361756189     
 -0.86132812500000000        3.7375181531146335     
 -0.82617187500000000        3.7118290891681442     
 -0.79101562500000000        3.6851371257049670     
 -0.75585937500000000        3.6534604614321129     
 -0.72070312500000000        3.6412568290920002     
 -0.68554687500000000        3.6404924908152907     
 -0.65039062500000000        3.6425099745512859     
 -0.61523437500000000        3.6516986764652608     
 -0.58007812500000000        3.6797525777814042     
 -0.54492187500000000        3.7548962006210291     
 -0.50976562500000000        3.9093904573017420     
 -0.47460937500000000        4.0193842920606579     
 -0.43945312500000000        4.0434035165389144     
 -0.40429687500000000        4.0510375495081119     
 -0.36914062500000000        4.0540027746633989     
 -0.33398437500000000        4.0536581504646279     
 -0.29882812500000000        4.0469853888057097     
 -0.26367187500000000        4.0329246391567724     
 -0.22851562500000000        4.0130369033581585     
 -0.19335937500000000        3.9888266437452562     
 -0.15820312500000000        3.9619429002606936     
 -0.12304687500000000        3.9341359700213316     
  -8.7890625000000000E-002   3.9064793060179102     
  -5.2734375000000000E-002   3.8792814457688447     
  -1.7578125000000000E-002   3.8523065821348133     
   1.7578125000000000E-002   3.8250383808935937     
   5.2734375000000000E-002   3.7971933745036002     
   8.7890625000000000E-002   3.7688658207073193     
  0.12304687500000000        3.7397259292029634     
  0.15820312500000000        3.7093600240513340     
  0.19335937500000000        3.6805479119141982     
  0.22851562500000000        3.6503094327260275     
  0.26367187500000000        3.6336168584241526     
  0.29882812500000000        3.6322656693949003     
  0.33398437500000000        3.6348901857243034     
  0.36914062500000000        3.6443935214112693     
  0.40429687500000000        3.6646560587310688     
  0.43945312500000000        3.7116589266841591     
  0.47460937500000000        3.8014374039767094     
  0.50976562500000000        3.9036002252973394     
  0.54492187500000000        3.9773189991896500     
  0.58007812500000000        4.0076578204825974     
  0.61523437500000000        4.0204342595308544     
  0.65039062500000000        4.0275987414074503     
  0.68554687500000000        4.0337937556510353     
  0.72070312500000000        4.0420869330172531     
  0.75585937500000000        4.0456785156156867     
  0.79101562500000000        4.0337725360877412     
  0.82617187500000000        4.0126187847168220     
  0.86132812500000000        3.9869396748700532     
  0.89648437500000000        3.9562994049586826     
  0.93164062500000000        3.9218419757358478     
  0.96679687500000000        3.8862512145747359     
   1.0019531250000000        3.8516710082707548     
   1.0371093750000000        3.8190396316181370     
   1.0722656250000000        3.7882711284241459     
   1.1074218750000000        3.7579696661864901     
   1.1425781250000000        3.7275308445312074     
   1.1777343750000000        3.6929275157113359     
   1.2128906250000000        3.6536578026396036     
   1.2480468750000000        3.6250472433776486     
   1.2832031250000000        3.6209173068108353     
   1.3183593750000000        3.6231756800641430     
   1.3535156250000000        3.6363773711221872     
   1.3886718750000000        3.6710065136890258     
   1.4238281250000000        3.7329305535152657     
   1.4589843750000000        3.8148923091003577     
   1.4941406250000000        3.8996888082397327     
   1.5292968750000000        3.9524033183539156     
   1.5644531250000000        3.9885481765574422     
   1.5996093750000000        4.0087012092518082     
   1.6347656250000000        4.0179207317066128     
   1.6699218750000000        4.0291866040899391     
   1.7050781250000000        4.0449645758877946     
   1.7402343750000000        4.0749579977339767     
   1.7753906250000000        4.1045431064311888     
   1.8105468750000000        4.0998779177362898     
   1.8457031250000000        4.0749063926986571     
   1.8808593750000000        4.0272524885616319     
   1.9160156250000000        3.9468910196407223     
   1.9511718750000000        3.8372052349011958     
   1.9863281250000000        3.7782900992085722     
   2.0214843750000000        3.7525782913402441     
   2.0566406250000000        3.7479771007298832     
   2.0917968750000000        3.7614865781851603     
   2.1269531250000000        3.8143166902834991     
   2.1621093750000000        3.8323237837009958     
   2.1972656250000000        3.8081441810370404     
   2.2324218750000000        3.7675948406960220     
   2.2675781250000000        3.6881979998934589     
   2.3027343750000000        3.5191086542028085     
   2.3378906250000000        3.2202979374207246     
   2.3730468750000000        2.7240855336978136     
   2.4082031250000000        1.7491021468239156     
   2.4433593750000000        1.0329542696917464     
   2.4785156250000000       0.96919986701577931     
   2.5136718750000000        1.0004055627068207     
   2.5488281250000000        1.0353670170529476     
   2.5839843750000000        1.0692475023324863     
   2.6191406250000000        1.1009883054907241     
   2.6542968750000000        1.1296112013565101     
   2.6894531250000000        1.1542612362880500     
   2.7246093750000000        1.1741451514106833     
   2.7597656250000000        1.1886614694593176     
   2.7949218750000000        1.1973633176326064     
   2.8300781250000000        1.1999825136733699     
   2.8652343750000000        1.1964383352023142     
   2.9003906250000000        1.1868400122673208     
   2.9355468750000000        1.1714833610266773     
   2.9707031250000000        1.1508416668245982     
   3.0058593750000000        1.1255510977417746     
   3.0410156250000000        1.0963910981704885     
   3.0761718750000000        1.0642603666758195     
   3.1113281250000000        1.0301491584948641     
   3.1464843750000000       0.99510876629895539     
   3.1816406250000000       0.96021911980857555     
   3.2167968750000000       0.92655550282681209     
   3.2519531250000000       0.89515541345797489     
   3.2871093750000000       0.86698658886509683     
   3.3222656250000000       0.84291718002944593     
   3.3574218750000000       0.82368899571305709     
   3.3925781250000000       0.80989464023377256     
   3.4277343750000000       0.80195924965667109     
   3.4628906250000000       0.80012738928455895     
   3.4980468750000000       0.80445551626119638     
   3.5332031250000000       0.81481023958656362     
   3.5683593750000000       0.83087243116974463     
   3.6035156250000000       0.85214706121855610     
   3.6386718750000000       0.87797845484347248     
   3.6738281250000000       0.90757049967391712     
   3.7089843750000000       0.94001118169693099     
   3.7441406250000000       0.97430069313429313     
   3.7792968750000000        1.0093822460854864     
   3.8144531250000000        1.0441746422733664     
   3.8496093750000000        1.0776055951070747     
   3.8847656250000000        1.1086447770906369     
   3.9199218750000000        1.1363355740704189     
   3.9550781250000000        1.1598245676692764     
   3.9902343750000000        1.1783878372715442     
   4.0253906250000000        1.1914532709430654     
   4.0605468750000000        1.1986181976733674     
   4.0957031250000000        1.1996617975219126     
   4.1308593750000000        1.1945519071930837     
   4.1660156250000000        1.1834460112950338     
   4.2011718750000000        1.1666863887322296     
   4.2363281250000000        1.1447895638177679     
   4.2714843750000000        1.1184303872176207     
   4.3066406250000000        1.0884212373452140     
   4.3417968750000000        1.0556869832103593     
   4.3769531250000000        1.0212364803566931     
   4.4121093750000000       0.98613147837049997     
   4.4472656250000000       0.95145389821803261     
   4.4824218750000000       0.91827248790963545     
