   5.0000000000000001E-003   1.4000001285909063     
   1.4999999999999999E-002   1.4000001933580533     
   2.5000000000000001E-002   1.4000001068169114     
   3.5000000000000003E-002   1.3999998493217802     
   4.4999999999999998E-002   1.3999995238307428     
   5.5000000000000000E-002   1.3999994594410301     
   6.5000000000000002E-002   1.3999993407320996     
   7.4999999999999997E-002   1.3999993225394445     
   8.5000000000000006E-002   1.3999994499984620     
   9.5000000000000001E-002   1.3999997324504569     
  0.10500000000000000        1.3999999962256577     
  0.11500000000000000        1.4000000019151528     
  0.12500000000000000        1.4000000280052713     
  0.13500000000000001        1.3999999589654262     
  0.14499999999999999        1.3999997489432607     
  0.15500000000000000        1.3999995440194952     
  0.16500000000000001        1.3999994166271723     
  0.17500000000000002        1.3999993421451002     
  0.18500000000000000        1.3999993062582323     
  0.19500000000000001        1.3999992674597961     
  0.20500000000000002        1.3999993652688885     
  0.21500000000000000        1.3999996487697757     
  0.22500000000000001        1.3999997513405835     
  0.23500000000000001        1.3999996939180865     
  0.24500000000000000        1.3999993348704960     
  0.25500000000000000        1.3999990752972948     
  0.26500000000000001        1.3999992059749828     
  0.27500000000000002        1.3999996807150641     
  0.28500000000000003        1.3999994551077917     
  0.29499999999999998        1.3999982931771200     
  0.30499999999999999        1.3999971334968706     
  0.31500000000000000        1.3999965126060667     
  0.32500000000000001        1.3999974923040115     
  0.33500000000000002        1.3999966318265200     
  0.34500000000000003        1.3999920669773749     
  0.35499999999999998        1.3999805978982600     
  0.36499999999999999        1.3999622351507262     
  0.37500000000000000        1.3999328160749303     
  0.38500000000000001        1.3998714481330536     
  0.39500000000000002        1.3997247941583295     
  0.40500000000000003        1.3994188052085388     
  0.41500000000000004        1.3988255109754701     
  0.42499999999999999        1.3976627927982002     
  0.43500000000000000        1.3953252467064658     
  0.44500000000000001        1.3906992572847374     
  0.45500000000000002        1.3816711735236737     
  0.46500000000000002        1.3643040677002574     
  0.47500000000000003        1.3335827222798298     
  0.48499999999999999        1.2884455098123118     
  0.49500000000000000        1.2328867809355082     
  0.50500000000000000        1.1727597090011559     
  0.51500000000000001        1.1150523604105147     
  0.52500000000000002        1.0665551669880708     
  0.53500000000000003        1.0333328865632414     
  0.54500000000000004        1.0158730599943493     
  0.55500000000000005        1.0075243297411047     
  0.56500000000000006        1.0035381260509535     
  0.57500000000000007        1.0016483029363255     
  0.58499999999999996        1.0007631680201678     
  0.59499999999999997        1.0003543845715812     
  0.60499999999999998        1.0001674215352894     
  0.61499999999999999        1.0000788861204499     
  0.62500000000000000        1.0000351677823425     
  0.63500000000000001        1.0000137823205044     
  0.64500000000000002        1.0000054395259899     
  0.65500000000000003        1.0000025784500459     
  0.66500000000000004        1.0000025584046341     
  0.67500000000000004        1.0000020027799612     
  0.68500000000000005        1.0000008530258346     
  0.69500000000000006       0.99999919755532696     
  0.70499999999999996       0.99999831677996853     
  0.71499999999999997       0.99999839309204486     
  0.72499999999999998       0.99999864835205166     
  0.73499999999999999       0.99999924922661698     
  0.74500000000000000       0.99999941892458011     
  0.75500000000000000       0.99999944803460716     
  0.76500000000000001       0.99999940654036135     
  0.77500000000000002       0.99999978866003081     
  0.78500000000000003       0.99999997198355173     
  0.79500000000000004        1.0000002277797837     
  0.80500000000000005        1.0000003136393567     
  0.81500000000000006       0.99999989841876979     
  0.82500000000000007       0.99999944048467115     
  0.83499999999999996       0.99999899771436207     
  0.84499999999999997       0.99999894295962111     
  0.85499999999999998       0.99999900937858710     
  0.86499999999999999       0.99999902788389416     
  0.87500000000000000       0.99999921656720836     
  0.88500000000000001       0.99999947053142801     
  0.89500000000000002       0.99999980882904882     
  0.90500000000000003        1.0000000999177614     
  0.91500000000000004        1.0000001968756747     
  0.92500000000000004        1.0000002271851407     
  0.93500000000000005       0.99999997547482655     
  0.94500000000000006       0.99999986633032956     
  0.95500000000000007       0.99999944519075179     
  0.96499999999999997       0.99999916395742450     
  0.97499999999999998       0.99999914362643827     
  0.98499999999999999       0.99999920440782519     
  0.99500000000000000       0.99999936119684829     
