   5.0000000000000001E-004   1.3999999951145885     
   1.5000000000000000E-003   1.3999999949317647     
   2.5000000000000001E-003   1.3999999948856250     
   3.5000000000000001E-003   1.3999999948607800     
   4.5000000000000005E-003   1.3999999948388819     
   5.4999999999999997E-003   1.3999999948396484     
   6.5000000000000006E-003   1.3999999948415420     
   7.4999999999999997E-003   1.3999999948553070     
   8.5000000000000006E-003   1.3999999949173583     
   9.4999999999999998E-003   1.3999999951079458     
   1.0500000000000001E-002   1.3999999956382940     
   1.1500000000000000E-002   1.3999999967379699     
   1.2500000000000001E-002   1.3999999981166458     
   1.3500000000000000E-002   1.3999999995691901     
   1.4500000000000001E-002   1.4000000010119473     
   1.5500000000000000E-002   1.4000000023965102     
   1.6500000000000001E-002   1.4000000036865605     
   1.7500000000000002E-002   1.4000000048507466     
   1.8499999999999999E-002   1.4000000058613919     
   1.9500000000000000E-002   1.4000000066971128     
   2.0500000000000001E-002   1.4000000073410181     
   2.1500000000000002E-002   1.4000000077908255     
   2.2499999999999999E-002   1.4000000080519095     
   2.3500000000000000E-002   1.4000000082312247     
   2.4500000000000001E-002   1.4000000083321671     
   2.5500000000000002E-002   1.4000000083525908     
   2.6499999999999999E-002   1.4000000083936561     
   2.7500000000000000E-002   1.4000000083984372     
   2.8500000000000001E-002   1.4000000083795208     
   2.9500000000000002E-002   1.4000000082931432     
   3.0499999999999999E-002   1.4000000080156170     
   3.1500000000000000E-002   1.4000000074350398     
   3.2500000000000001E-002   1.4000000067415257     
   3.3500000000000002E-002   1.4000000060796947     
   3.4500000000000003E-002   1.4000000055117636     
   3.5500000000000004E-002   1.4000000050577128     
   3.6499999999999998E-002   1.4000000047198755     
   3.7499999999999999E-002   1.4000000045041103     
   3.8500000000000000E-002   1.4000000043667675     
   3.9500000000000000E-002   1.4000000042957552     
   4.0500000000000001E-002   1.4000000042568119     
   4.1500000000000002E-002   1.4000000042209442     
   4.2500000000000003E-002   1.4000000042217435     
   4.3500000000000004E-002   1.4000000042233358     
   4.4499999999999998E-002   1.4000000042412648     
   4.5499999999999999E-002   1.4000000043219909     
   4.6500000000000000E-002   1.4000000045297727     
   4.7500000000000001E-002   1.4000000047972778     
   4.8500000000000001E-002   1.4000000050411938     
   4.9500000000000002E-002   1.4000000052182440     
   5.0500000000000003E-002   1.4000000053391630     
   5.1500000000000004E-002   1.4000000053813677     
   5.2499999999999998E-002   1.4000000054283606     
   5.3499999999999999E-002   1.4000000054314883     
   5.4500000000000000E-002   1.4000000054329111     
   5.5500000000000001E-002   1.4000000054191790     
   5.6500000000000002E-002   1.4000000053446133     
   5.7500000000000002E-002   1.4000000051386972     
   5.8500000000000003E-002   1.4000000048672370     
   5.9500000000000004E-002   1.4000000046267760     
   6.0499999999999998E-002   1.4000000044521841     
   6.1499999999999999E-002   1.4000000043517495     
   6.2500000000000000E-002   1.4000000042891445     
   6.3500000000000001E-002   1.4000000042491052     
   6.4500000000000002E-002   1.4000000042521348     
   6.5500000000000003E-002   1.4000000042448368     
   6.6500000000000004E-002   1.4000000042478986     
   6.7500000000000004E-002   1.4000000042871348     
   6.8500000000000005E-002   1.4000000044058261     
   6.9500000000000006E-002   1.4000000045505996     
   7.0500000000000007E-002   1.4000000046679879     
   7.1500000000000008E-002   1.4000000047256573     
   7.2499999999999995E-002   1.4000000047734578     
   7.3499999999999996E-002   1.4000000047990213     
   7.4499999999999997E-002   1.4000000047962147     
   7.5499999999999998E-002   1.4000000047948411     
   7.6499999999999999E-002   1.4000000047778884     
   7.7499999999999999E-002   1.4000000046996062     
   7.8500000000000000E-002   1.4000000045560801     
   7.9500000000000001E-002   1.4000000044180794     
   8.0500000000000002E-002   1.4000000043179979     
   8.1500000000000003E-002   1.4000000042651128     
   8.2500000000000004E-002   1.4000000042275840     
   8.3500000000000005E-002   1.4000000042028427     
   8.4500000000000006E-002   1.4000000042037481     
   8.5500000000000007E-002   1.4000000042018603     
   8.6500000000000007E-002   1.4000000042059721     
   8.7500000000000008E-002   1.4000000042414991     
   8.8499999999999995E-002   1.4000000043431997     
   8.9499999999999996E-002   1.4000000044811047     
   9.0499999999999997E-002   1.4000000046098078     
   9.1499999999999998E-002   1.4000000047129417     
   9.2499999999999999E-002   1.4000000047879668     
   9.3500000000000000E-002   1.4000000048380785     
   9.4500000000000001E-002   1.4000000048688142     
   9.5500000000000002E-002   1.4000000048873327     
   9.6500000000000002E-002   1.4000000049016819     
   9.7500000000000003E-002   1.4000000049163452     
   9.8500000000000004E-002   1.4000000049359429     
   9.9500000000000005E-002   1.4000000049689003     
  0.10050000000000001        1.4000000050344827     
  0.10150000000000001        1.4000000051637553     
  0.10250000000000001        1.4000000053397026     
  0.10350000000000001        1.4000000055386688     
  0.10450000000000000        1.4000000057454143     
  0.10550000000000000        1.4000000059489179     
  0.10650000000000000        1.4000000061409585     
  0.10750000000000000        1.4000000063163285     
  0.10850000000000000        1.4000000064722979     
  0.10950000000000000        1.4000000066071863     
  0.11050000000000000        1.4000000067191907     
  0.11150000000000000        1.4000000068052365     
  0.11250000000000000        1.4000000068647509     
  0.11350000000000000        1.4000000068994882     
  0.11450000000000000        1.4000000069215706     
  0.11550000000000001        1.4000000069361482     
  0.11650000000000001        1.4000000069371359     
  0.11750000000000001        1.4000000069418117     
  0.11850000000000001        1.4000000069428220     
  0.11950000000000001        1.4000000069361320     
  0.12050000000000000        1.4000000069082512     
  0.12150000000000000        1.4000000068251579     
  0.12250000000000000        1.4000000066378657     
  0.12350000000000000        1.4000000063906646     
  0.12450000000000000        1.4000000061229405     
  0.12550000000000000        1.4000000058485387     
  0.12650000000000000        1.4000000055762849     
  0.12750000000000000        1.4000000053155028     
  0.12850000000000000        1.4000000050771728     
  0.12950000000000000        1.4000000048719086     
  0.13050000000000000        1.4000000047071233     
  0.13150000000000001        1.4000000045845959     
  0.13250000000000001        1.4000000044999006     
  0.13350000000000001        1.4000000044435288     
  0.13450000000000001        1.4000000044024012     
  0.13550000000000001        1.4000000043621723     
  0.13650000000000001        1.4000000043102976     
  0.13750000000000001        1.4000000042391483     
  0.13850000000000001        1.4000000041479217     
  0.13950000000000001        1.4000000040426606     
  0.14050000000000001        1.4000000039340650     
  0.14150000000000001        1.4000000038337885     
  0.14250000000000002        1.4000000037496998     
  0.14350000000000002        1.4000000036814699     
  0.14449999999999999        1.4000000036180829     
  0.14549999999999999        1.4000000035383990     
  0.14649999999999999        1.4000000034140976     
  0.14749999999999999        1.4000000031933915     
  0.14849999999999999        1.4000000028297561     
  0.14949999999999999        1.4000000023500665     
  0.15049999999999999        1.4000000017912149     
  0.15150000000000000        1.4000000011974929     
  0.15250000000000000        1.4000000006120159     
  0.15350000000000000        1.4000000000672810     
  0.15450000000000000        1.3999999995794805     
  0.15550000000000000        1.3999999991479697     
  0.15650000000000000        1.3999999987598051     
  0.15750000000000000        1.3999999983979705     
  0.15850000000000000        1.3999999980492310     
  0.15950000000000000        1.3999999977103388     
  0.16050000000000000        1.3999999973893187     
  0.16150000000000000        1.3999999971058259     
  0.16250000000000001        1.3999999968781605     
  0.16350000000000001        1.3999999967314942     
  0.16450000000000001        1.3999999966325023     
  0.16550000000000001        1.3999999965881635     
  0.16650000000000001        1.3999999965658159     
  0.16750000000000001        1.3999999965532652     
  0.16850000000000001        1.3999999965661416     
  0.16950000000000001        1.3999999966168026     
  0.17050000000000001        1.3999999967648229     
  0.17150000000000001        1.3999999969907260     
  0.17250000000000001        1.3999999972186676     
  0.17350000000000002        1.3999999974284678     
  0.17450000000000002        1.3999999976290136     
  0.17550000000000002        1.3999999978415525     
  0.17649999999999999        1.3999999980902078     
  0.17749999999999999        1.3999999983916445     
  0.17849999999999999        1.3999999987490173     
  0.17949999999999999        1.3999999991550771     
  0.18049999999999999        1.3999999996031729     
  0.18149999999999999        1.4000000000936368     
  0.18250000000000000        1.4000000006356765     
  0.18350000000000000        1.4000000012432341     
  0.18450000000000000        1.4000000019281769     
  0.18550000000000000        1.4000000026922248     
  0.18650000000000000        1.4000000035183557     
  0.18750000000000000        1.4000000043718448     
  0.18850000000000000        1.4000000051965573     
  0.18950000000000000        1.4000000059351054     
  0.19050000000000000        1.4000000064951710     
  0.19150000000000000        1.4000000068731635     
  0.19250000000000000        1.4000000070537109     
  0.19350000000000001        1.4000000071926697     
  0.19450000000000001        1.4000000072754222     
  0.19550000000000001        1.4000000072612071     
  0.19650000000000001        1.4000000072356780     
  0.19750000000000001        1.4000000071245273     
  0.19850000000000001        1.4000000067738514     
  0.19950000000000001        1.4000000063048097     
  0.20050000000000001        1.4000000058946558     
  0.20150000000000001        1.4000000056102835     
  0.20250000000000001        1.4000000054489978     
  0.20350000000000001        1.4000000053687198     
  0.20450000000000002        1.4000000052949637     
  0.20550000000000002        1.4000000052851596     
  0.20650000000000002        1.4000000052831842     
  0.20750000000000002        1.4000000052884392     
  0.20849999999999999        1.4000000053376194     
  0.20949999999999999        1.4000000055195334     
  0.21049999999999999        1.4000000058210349     
  0.21149999999999999        1.4000000061172659     
  0.21249999999999999        1.4000000063566345     
  0.21350000000000000        1.4000000065225562     
  0.21450000000000000        1.4000000066239187     
  0.21550000000000000        1.4000000066807861     
  0.21650000000000000        1.4000000066978060     
  0.21750000000000000        1.4000000067178797     
  0.21850000000000000        1.4000000067319307     
  0.21950000000000000        1.4000000067269480     
  0.22050000000000000        1.4000000067202667     
  0.22150000000000000        1.4000000067078238     
  0.22250000000000000        1.4000000066709966     
  0.22350000000000000        1.4000000065742830     
  0.22450000000000001        1.4000000063429521     
  0.22550000000000001        1.4000000059310225     
  0.22650000000000001        1.4000000054261859     
  0.22750000000000001        1.4000000049039423     
  0.22850000000000001        1.4000000044353762     
  0.22950000000000001        1.4000000041024643     
  0.23050000000000001        1.4000000038912288     
  0.23150000000000001        1.4000000038039031     
  0.23250000000000001        1.4000000037731495     
  0.23350000000000001        1.4000000037495590     
  0.23450000000000001        1.4000000037765066     
  0.23550000000000001        1.4000000038897580     
  0.23650000000000002        1.4000000040357004     
  0.23750000000000002        1.4000000041347229     
  0.23850000000000002        1.4000000041638960     
  0.23950000000000002        1.4000000041924725     
  0.24049999999999999        1.4000000042067151     
  0.24149999999999999        1.4000000041930802     
  0.24249999999999999        1.4000000041755227     
  0.24349999999999999        1.4000000041679872     
  0.24450000000000000        1.4000000041800353     
  0.24550000000000000        1.4000000041997034     
  0.24650000000000000        1.4000000042362961     
  0.24750000000000000        1.4000000042820497     
  0.24850000000000000        1.4000000043291931     
  0.24950000000000000        1.4000000043710925     
  0.25050000000000000        1.4000000044116765     
  0.25150000000000000        1.4000000044673919     
  0.25250000000000000        1.4000000045767809     
  0.25350000000000000        1.4000000047792920     
  0.25450000000000000        1.4000000050172352     
  0.25550000000000000        1.4000000052345756     
  0.25650000000000001        1.4000000053512494     
  0.25750000000000001        1.4000000054436859     
  0.25850000000000001        1.4000000054500534     
  0.25950000000000001        1.4000000054722852     
  0.26050000000000001        1.4000000054792177     
  0.26150000000000001        1.4000000054655144     
  0.26250000000000001        1.4000000054467698     
  0.26350000000000001        1.4000000054387989     
  0.26450000000000001        1.4000000054623591     
  0.26550000000000001        1.4000000055025306     
  0.26650000000000001        1.4000000055682769     
  0.26750000000000002        1.4000000056313906     
  0.26850000000000002        1.4000000056477866     
  0.26950000000000002        1.4000000056543909     
  0.27050000000000002        1.4000000056195949     
  0.27150000000000002        1.4000000054893098     
  0.27250000000000002        1.4000000052910575     
  0.27350000000000002        1.4000000051211063     
  0.27450000000000002        1.4000000050067045     
  0.27550000000000002        1.4000000049254802     
  0.27650000000000002        1.4000000048537711     
  0.27750000000000002        1.4000000047683914     
  0.27850000000000003        1.4000000046198460     
  0.27950000000000003        1.4000000043676961     
  0.28050000000000003        1.4000000040659459     
  0.28150000000000003        1.4000000038440399     
  0.28250000000000003        1.4000000036769169     
  0.28350000000000003        1.4000000036510436     
  0.28450000000000003        1.4000000036016009     
  0.28550000000000003        1.4000000035969935     
  0.28650000000000003        1.4000000036415028     
  0.28750000000000003        1.4000000037504432     
  0.28849999999999998        1.4000000037868821     
  0.28949999999999998        1.4000000038155436     
  0.29049999999999998        1.4000000037839653     
  0.29149999999999998        1.4000000036265721     
  0.29249999999999998        1.4000000034569002     
  0.29349999999999998        1.4000000033205173     
  0.29449999999999998        1.4000000033262447     
  0.29549999999999998        1.4000000033499311     
  0.29649999999999999        1.4000000034811706     
  0.29749999999999999        1.4000000036642026     
  0.29849999999999999        1.4000000037150011     
  0.29949999999999999        1.4000000037409726     
  0.30049999999999999        1.4000000036149007     
  0.30149999999999999        1.4000000031207096     
  0.30249999999999999        1.4000000026030959     
  0.30349999999999999        1.4000000021998529     
  0.30449999999999999        1.4000000021596437     
  0.30549999999999999        1.4000000020696588     
  0.30649999999999999        1.4000000020711980     
  0.30750000000000000        1.4000000023264787     
  0.30850000000000000        1.4000000028779429     
  0.30950000000000000        1.4000000031838924     
  0.31050000000000000        1.4000000034229061     
  0.31150000000000000        1.4000000034314899     
  0.31250000000000000        1.4000000034444662     
  0.31350000000000000        1.4000000033901185     
  0.31450000000000000        1.4000000032450020     
  0.31550000000000000        1.4000000031629349     
  0.31650000000000000        1.4000000030741253     
  0.31750000000000000        1.4000000030509889     
  0.31850000000000001        1.4000000030768687     
  0.31950000000000001        1.4000000030713211     
  0.32050000000000001        1.4000000030263615     
  0.32150000000000001        1.4000000028175552     
  0.32250000000000001        1.4000000021553467     
  0.32350000000000001        1.4000000012090290     
  0.32450000000000001        1.4000000003391493     
  0.32550000000000001        1.4000000000023656     
  0.32650000000000001        1.3999999996256516     
  0.32750000000000001        1.3999999995670187     
  0.32850000000000001        1.3999999995834669     
  0.32950000000000002        1.3999999997338273     
  0.33050000000000002        1.4000000000981707     
  0.33150000000000002        1.4000000004680724     
  0.33250000000000002        1.4000000005245556     
  0.33350000000000002        1.4000000005946183     
  0.33450000000000002        1.4000000005312536     
  0.33550000000000002        1.4000000000694799     
  0.33650000000000002        1.3999999989039029     
  0.33750000000000002        1.3999999978638786     
  0.33850000000000002        1.3999999970492933     
  0.33950000000000002        1.3999999969123056     
  0.34050000000000002        1.3999999966622025     
  0.34150000000000003        1.3999999966252619     
  0.34250000000000003        1.3999999969150263     
  0.34350000000000003        1.3999999979447961     
  0.34450000000000003        1.3999999992579724     
  0.34550000000000003        1.4000000000506365     
  0.34650000000000003        1.4000000005663245     
  0.34750000000000003        1.4000000008386124     
  0.34850000000000003        1.4000000008132509     
  0.34950000000000003        1.4000000008473468     
  0.35050000000000003        1.4000000008903672     
  0.35150000000000003        1.4000000009763196     
  0.35249999999999998        1.4000000013358054     
  0.35349999999999998        1.4000000026418344     
  0.35449999999999998        1.4000000046393921     
  0.35549999999999998        1.4000000064743443     
  0.35649999999999998        1.4000000069612197     
  0.35749999999999998        1.4000000076747992     
  0.35849999999999999        1.4000000077641077     
  0.35949999999999999        1.4000000075526680     
  0.36049999999999999        1.4000000068152889     
  0.36149999999999999        1.4000000060738849     
  0.36249999999999999        1.4000000060617284     
  0.36349999999999999        1.4000000060832762     
  0.36449999999999999        1.4000000067228393     
  0.36549999999999999        1.4000000085248401     
  0.36649999999999999        1.4000000097029786     
  0.36749999999999999        1.4000000107756103     
  0.36849999999999999        1.4000000107397066     
  0.36950000000000000        1.4000000106244015     
  0.37050000000000000        1.4000000097456116     
  0.37150000000000000        1.4000000078323460     
  0.37250000000000000        1.4000000069460770     
  0.37350000000000000        1.4000000058238020     
  0.37450000000000000        1.4000000055670452     
  0.37550000000000000        1.4000000059044237     
  0.37650000000000000        1.4000000068935405     
  0.37750000000000000        1.4000000078320987     
  0.37850000000000000        1.4000000078696324     
  0.37950000000000000        1.4000000077823866     
  0.38050000000000000        1.4000000064817568     
  0.38150000000000001        1.4000000033117042     
  0.38250000000000001        1.4000000013451261     
  0.38350000000000001        1.3999999996498911     
  0.38450000000000001        1.3999999998175197     
  0.38550000000000001        1.4000000001514630     
  0.38650000000000001        1.4000000018052230     
  0.38750000000000001        1.4000000036541482     
  0.38850000000000001        1.4000000056685991     
  0.38950000000000001        1.4000000057739743     
  0.39050000000000001        1.4000000058125694     
  0.39150000000000001        1.4000000047482741     
  0.39250000000000002        1.4000000020075738     
  0.39350000000000002        1.4000000008872868     
  0.39450000000000002        1.3999999998276282     
  0.39550000000000002        1.4000000003367135     
  0.39650000000000002        1.4000000029530595     
  0.39750000000000002        1.4000000067981719     
  0.39850000000000002        1.4000000074701935     
  0.39950000000000002        1.4000000087891262     
  0.40050000000000002        1.4000000088909419     
  0.40150000000000002        1.4000000063626368     
  0.40250000000000002        1.4000000011667779     
  0.40350000000000003        1.3999999962958727     
  0.40450000000000003        1.3999999962535783     
  0.40550000000000003        1.3999999953915687     
  0.40650000000000003        1.3999999960273692     
  0.40750000000000003        1.4000000011958562     
  0.40850000000000003        1.4000000059569599     
  0.40950000000000003        1.4000000102214163     
  0.41050000000000003        1.4000000096653606     
  0.41150000000000003        1.4000000082432325     
  0.41250000000000003        1.4000000029802955     
  0.41350000000000003        1.3999999993180585     
  0.41450000000000004        1.3999999946285770     
  0.41550000000000004        1.3999999942060632     
  0.41649999999999998        1.3999999951088891     
  0.41749999999999998        1.4000000012000224     
  0.41849999999999998        1.4000000088689928     
  0.41949999999999998        1.4000000159159358     
  0.42049999999999998        1.4000000157048402     
  0.42149999999999999        1.4000000152297780     
  0.42249999999999999        1.4000000098246812     
  0.42349999999999999        1.4000000020662533     
  0.42449999999999999        1.3999999934596470     
  0.42549999999999999        1.3999999928071813     
  0.42649999999999999        1.3999999923725861     
  0.42749999999999999        1.3999999958293288     
  0.42849999999999999        1.4000000057395126     
  0.42949999999999999        1.4000000166914488     
  0.43049999999999999        1.4000000176788385     
  0.43149999999999999        1.4000000188302097     
  0.43250000000000000        1.4000000151051408     
  0.43350000000000000        1.4000000015919321     
  0.43450000000000000        1.3999999927058333     
  0.43550000000000000        1.3999999853465008     
  0.43650000000000000        1.3999999865025827     
  0.43750000000000000        1.3999999896239661     
  0.43850000000000000        1.4000000013207989     
  0.43950000000000000        1.4000000128922958     
  0.44050000000000000        1.4000000253048042     
  0.44150000000000000        1.4000000256874834     
  0.44250000000000000        1.4000000250124625     
  0.44350000000000001        1.4000000159872963     
  0.44450000000000001        1.3999999998080905     
  0.44550000000000001        1.3999999900555078     
  0.44650000000000001        1.3999999821590177     
  0.44750000000000001        1.3999999813935515     
  0.44850000000000001        1.3999999857912815     
  0.44950000000000001        1.3999999998876962     
  0.45050000000000001        1.4000000130677097     
  0.45150000000000001        1.4000000062954276     
  0.45250000000000001        1.3999999987397143     
  0.45350000000000001        1.3999999780364627     
  0.45450000000000002        1.3999999411232817     
  0.45550000000000002        1.3999999132213432     
  0.45650000000000002        1.3999998859388298     
  0.45750000000000002        1.3999998603578996     
  0.45850000000000002        1.3999998345377327     
  0.45950000000000002        1.3999998164514746     
  0.46050000000000002        1.3999998158167219     
  0.46150000000000002        1.3999998070439015     
  0.46250000000000002        1.3999997692178987     
  0.46350000000000002        1.3999996953114737     
  0.46450000000000002        1.3999995834159711     
  0.46550000000000002        1.3999994681640862     
  0.46650000000000003        1.3999993495346683     
  0.46750000000000003        1.3999992112739872     
  0.46850000000000003        1.3999989892439515     
  0.46950000000000003        1.3999986905884862     
  0.47050000000000003        1.3999983442105390     
  0.47150000000000003        1.3999980633324753     
  0.47250000000000003        1.3999977667899401     
  0.47350000000000003        1.3999972660508382     
  0.47450000000000003        1.3999964912124645     
  0.47550000000000003        1.3999955399459176     
  0.47650000000000003        1.3999945875314426     
  0.47750000000000004        1.3999936822667951     
  0.47850000000000004        1.3999919509748115     
  0.47950000000000004        1.3999881061491015     
  0.48049999999999998        1.3999810858270967     
  0.48149999999999998        1.3999694065230857     
  0.48249999999999998        1.3999494506208403     
  0.48349999999999999        1.3999120720078249     
  0.48449999999999999        1.3998422258863494     
  0.48549999999999999        1.3997142120979902     
  0.48649999999999999        1.3994859661381502     
  0.48749999999999999        1.3990743988175522     
  0.48849999999999999        1.3983287491695482     
  0.48949999999999999        1.3969791748176468     
  0.49049999999999999        1.3945559127466327     
  0.49149999999999999        1.3901943200057503     
  0.49249999999999999        1.3826953738496706     
  0.49349999999999999        1.3712701720860163     
  0.49450000000000000        1.3557298403751652     
  0.49550000000000000        1.3360393134375108     
  0.49650000000000000        1.3123494096839312     
  0.49750000000000000        1.2850266836667208     
  0.49850000000000000        1.2546600430227159     
  0.49950000000000000        1.2220448765469458     
  0.50050000000000006        1.1881525090699021     
  0.50150000000000006        1.1540866234055438     
  0.50250000000000006        1.1210306770586476     
  0.50350000000000006        1.0901888726072166     
  0.50450000000000006        1.0627456574098042     
  0.50550000000000006        1.0398646893730410     
  0.50650000000000006        1.0225684482465154     
  0.50750000000000006        1.0115707566492806     
  0.50850000000000006        1.0058904753110227     
  0.50950000000000006        1.0029955344011825     
  0.51050000000000006        1.0015227189281559     
  0.51150000000000007        1.0007762639217022     
  0.51249999999999996        1.0003983697764340     
  0.51349999999999996        1.0002069184530618     
  0.51449999999999996        1.0001080578033390     
  0.51549999999999996        1.0000558817718999     
  0.51649999999999996        1.0000283682660875     
  0.51749999999999996        1.0000150519299009     
  0.51849999999999996        1.0000088391454320     
  0.51949999999999996        1.0000061555494990     
  0.52049999999999996        1.0000045632951491     
  0.52149999999999996        1.0000034299425242     
  0.52249999999999996        1.0000026383661951     
  0.52349999999999997        1.0000023616573146     
  0.52449999999999997        1.0000022463918723     
  0.52549999999999997        1.0000023307258126     
  0.52649999999999997        1.0000022367360637     
  0.52749999999999997        1.0000020664311435     
  0.52849999999999997        1.0000017209782419     
  0.52949999999999997        1.0000015031771510     
  0.53049999999999997        1.0000014188873891     
  0.53149999999999997        1.0000012953445072     
  0.53249999999999997        1.0000011438108858     
  0.53349999999999997        1.0000009122045921     
  0.53449999999999998        1.0000006520834919     
  0.53549999999999998        1.0000004367309048     
  0.53649999999999998        1.0000002912936217     
  0.53749999999999998        1.0000002080082400     
  0.53849999999999998        1.0000001511894565     
  0.53949999999999998        1.0000001183805811     
  0.54049999999999998        1.0000000548730437     
  0.54149999999999998        1.0000000171390979     
  0.54249999999999998        1.0000000063200341     
  0.54349999999999998       0.99999999935442485     
  0.54449999999999998        1.0000000163396283     
  0.54549999999999998        1.0000000368774868     
  0.54649999999999999        1.0000000422638371     
  0.54749999999999999        1.0000000392035560     
  0.54849999999999999        1.0000000327186678     
  0.54949999999999999        1.0000000276914005     
  0.55049999999999999        1.0000000206404647     
  0.55149999999999999        1.0000000124435020     
  0.55249999999999999        1.0000000007339689     
  0.55349999999999999       0.99999998781707200     
  0.55449999999999999       0.99999998388888678     
  0.55549999999999999       0.99999998640040932     
  0.55649999999999999       0.99999998664366740     
  0.55750000000000000       0.99999999693279518     
  0.55850000000000000        1.0000000063642884     
  0.55950000000000000        1.0000000107748710     
  0.56050000000000000        1.0000000114375880     
  0.56150000000000000        1.0000000117881964     
  0.56250000000000000        1.0000000102455238     
  0.56350000000000000        1.0000000070354658     
  0.56450000000000000        1.0000000025608387     
  0.56550000000000000       0.99999999755866886     
  0.56650000000000000       0.99999999539971351     
  0.56750000000000000       0.99999999489279068     
  0.56850000000000001       0.99999999676682771     
  0.56950000000000001       0.99999999778442239     
  0.57050000000000001        1.0000000018464721     
  0.57150000000000001        1.0000000054110372     
  0.57250000000000001        1.0000000067875130     
  0.57350000000000001        1.0000000069303467     
  0.57450000000000001        1.0000000063049723     
  0.57550000000000001        1.0000000062775158     
  0.57650000000000001        1.0000000044521551     
  0.57750000000000001        1.0000000022695226     
  0.57850000000000001        1.0000000010840930     
  0.57950000000000002        1.0000000010383332     
  0.58050000000000002        1.0000000017071622     
  0.58150000000000002        1.0000000015674186     
  0.58250000000000002        1.0000000035485019     
  0.58350000000000002        1.0000000057922065     
  0.58450000000000002        1.0000000074245334     
  0.58550000000000002        1.0000000075953450     
  0.58650000000000002        1.0000000073347757     
  0.58750000000000002        1.0000000073268569     
  0.58850000000000002        1.0000000056771756     
  0.58950000000000002        1.0000000045380681     
  0.59050000000000002        1.0000000013104156     
  0.59150000000000003       0.99999999819352947     
  0.59250000000000003       0.99999999675059048     
  0.59350000000000003       0.99999999655586380     
  0.59450000000000003       0.99999999666166550     
  0.59550000000000003       0.99999999653403115     
  0.59650000000000003       0.99999999715611276     
  0.59750000000000003       0.99999999783892368     
  0.59850000000000003       0.99999999875734236     
  0.59950000000000003       0.99999999901128012     
  0.60050000000000003       0.99999999887171598     
  0.60150000000000003       0.99999999891601743     
  0.60250000000000004       0.99999999785001792     
  0.60350000000000004       0.99999999710894238     
  0.60450000000000004       0.99999999488957159     
  0.60550000000000004       0.99999999233365722     
  0.60650000000000004       0.99999999079969693     
  0.60750000000000004       0.99999999066485479     
  0.60850000000000004       0.99999999080128632     
  0.60950000000000004       0.99999999097756032     
  0.61050000000000004       0.99999999294176922     
  0.61150000000000004       0.99999999427012354     
  0.61250000000000004       0.99999999778801174     
  0.61350000000000005        1.0000000006317202     
  0.61450000000000005        1.0000000014001764     
  0.61550000000000005        1.0000000012774442     
  0.61650000000000005        1.0000000003301006     
  0.61750000000000005        1.0000000004509608     
  0.61850000000000005       0.99999999794804173     
  0.61950000000000005       0.99999999556558938     
  0.62050000000000005       0.99999999412447860     
  0.62150000000000005       0.99999999395204753     
  0.62250000000000005       0.99999999385757066     
  0.62350000000000005       0.99999999537024520     
  0.62450000000000006       0.99999999602143408     
  0.62550000000000006       0.99999999944364637     
  0.62650000000000006        1.0000000020175090     
  0.62750000000000006        1.0000000027398375     
  0.62850000000000006        1.0000000027568585     
  0.62950000000000006        1.0000000026974585     
  0.63050000000000006        1.0000000012970165     
  0.63150000000000006        1.0000000005442484     
  0.63250000000000006       0.99999999858749133     
  0.63350000000000006       0.99999999764371739     
  0.63450000000000006       0.99999999739686984     
  0.63550000000000006       0.99999999852752930     
  0.63650000000000007       0.99999999909692916     
  0.63750000000000007        1.0000000016825645     
  0.63850000000000007        1.0000000042128792     
  0.63950000000000007        1.0000000053473050     
  0.64049999999999996        1.0000000055782567     
  0.64149999999999996        1.0000000047862430     
  0.64249999999999996        1.0000000044077411     
  0.64349999999999996        1.0000000025851266     
  0.64449999999999996        1.0000000011888897     
  0.64549999999999996        1.0000000008626329     
  0.64649999999999996        1.0000000009618002     
  0.64749999999999996        1.0000000019465449     
  0.64849999999999997        1.0000000021169557     
  0.64949999999999997        1.0000000044490647     
  0.65049999999999997        1.0000000066945158     
  0.65149999999999997        1.0000000083577743     
  0.65249999999999997        1.0000000087572440     
  0.65349999999999997        1.0000000090080317     
  0.65449999999999997        1.0000000079381246     
  0.65549999999999997        1.0000000069667025     
  0.65649999999999997        1.0000000049251234     
  0.65749999999999997        1.0000000038175088     
  0.65849999999999997        1.0000000036138705     
  0.65949999999999998        1.0000000035051841     
  0.66049999999999998        1.0000000044323483     
  0.66149999999999998        1.0000000049414315     
  0.66249999999999998        1.0000000068100161     
  0.66349999999999998        1.0000000082215685     
  0.66449999999999998        1.0000000085828431     
  0.66549999999999998        1.0000000085552141     
  0.66649999999999998        1.0000000080135536     
  0.66749999999999998        1.0000000080382507     
  0.66849999999999998        1.0000000066681403     
  0.66949999999999998        1.0000000051118587     
  0.67049999999999998        1.0000000036838776     
  0.67149999999999999        1.0000000033200860     
  0.67249999999999999        1.0000000033062082     
  0.67349999999999999        1.0000000032614980     
  0.67449999999999999        1.0000000036055490     
  0.67549999999999999        1.0000000038510704     
  0.67649999999999999        1.0000000039440782     
  0.67749999999999999        1.0000000039106409     
  0.67849999999999999        1.0000000038543604     
  0.67949999999999999        1.0000000032556453     
  0.68049999999999999        1.0000000028890892     
  0.68149999999999999        1.0000000017267312     
  0.68250000000000000        1.0000000005106224     
  0.68350000000000000       0.99999999988322952     
  0.68450000000000000       0.99999999979793797     
  0.68550000000000000       0.99999999990011812     
  0.68650000000000000       0.99999999986607946     
  0.68750000000000000        1.0000000002966527     
  0.68850000000000000        1.0000000007409597     
  0.68950000000000000        1.0000000012397583     
  0.69050000000000000        1.0000000014336845     
  0.69150000000000000        1.0000000014798165     
  0.69250000000000000        1.0000000014779749     
  0.69350000000000001        1.0000000014659987     
  0.69450000000000001        1.0000000014989712     
  0.69550000000000001        1.0000000015473638     
  0.69650000000000001        1.0000000015915569     
  0.69750000000000001        1.0000000018269932     
  0.69850000000000001        1.0000000020299309     
  0.69950000000000001        1.0000000025300255     
  0.70050000000000001        1.0000000032188108     
  0.70150000000000001        1.0000000040231500     
  0.70250000000000001        1.0000000046389854     
  0.70350000000000001        1.0000000048741855     
  0.70450000000000002        1.0000000049396685     
  0.70550000000000002        1.0000000049549633     
  0.70650000000000002        1.0000000049576416     
  0.70750000000000002        1.0000000049520115     
  0.70850000000000002        1.0000000049448305     
  0.70950000000000002        1.0000000049523579     
  0.71050000000000002        1.0000000049644364     
  0.71150000000000002        1.0000000049786710     
  0.71250000000000002        1.0000000050429638     
  0.71350000000000002        1.0000000051102056     
  0.71450000000000002        1.0000000051655553     
  0.71550000000000002        1.0000000051895754     
  0.71650000000000003        1.0000000052093347     
  0.71750000000000003        1.0000000051520908     
  0.71850000000000003        1.0000000050489335     
  0.71950000000000003        1.0000000048927493     
  0.72050000000000003        1.0000000045633819     
  0.72150000000000003        1.0000000040506067     
  0.72250000000000003        1.0000000032618002     
  0.72350000000000003        1.0000000022385873     
  0.72450000000000003        1.0000000010645451     
  0.72550000000000003       0.99999999987870247     
  0.72650000000000003       0.99999999884620250     
  0.72750000000000004       0.99999999816754626     
  0.72850000000000004       0.99999999784950477     
  0.72950000000000004       0.99999999767815195     
  0.73050000000000004       0.99999999757110292     
  0.73150000000000004       0.99999999747868029     
  0.73250000000000004       0.99999999735171941     
  0.73350000000000004       0.99999999714578613     
  0.73450000000000004       0.99999999683014906     
  0.73550000000000004       0.99999999639263482     
  0.73650000000000004       0.99999999583897548     
  0.73750000000000004       0.99999999519664629     
  0.73850000000000005       0.99999999453123678     
  0.73950000000000005       0.99999999399115513     
  0.74050000000000005       0.99999999374354243     
  0.74150000000000005       0.99999999366099235     
  0.74250000000000005       0.99999999362815728     
  0.74350000000000005       0.99999999361218672     
  0.74450000000000005       0.99999999362596703     
  0.74550000000000005       0.99999999364343284     
  0.74650000000000005       0.99999999370130588     
  0.74750000000000005       0.99999999385081917     
  0.74850000000000005       0.99999999404229134     
  0.74950000000000006       0.99999999437938814     
  0.75050000000000006       0.99999999487533719     
  0.75150000000000006       0.99999999554806462     
  0.75250000000000006       0.99999999635051573     
  0.75350000000000006       0.99999999718111587     
  0.75450000000000006       0.99999999787109395     
  0.75550000000000006       0.99999999819842245     
  0.75650000000000006       0.99999999830365061     
  0.75750000000000006       0.99999999832800723     
  0.75850000000000006       0.99999999831986763     
  0.75950000000000006       0.99999999827970576     
  0.76050000000000006       0.99999999824974062     
  0.76150000000000007       0.99999999823642061     
  0.76250000000000007       0.99999999821610930     
  0.76350000000000007       0.99999999831295439     
  0.76450000000000007       0.99999999847765408     
  0.76550000000000007       0.99999999884400559     
  0.76650000000000007       0.99999999939711737     
  0.76750000000000007        1.0000000001140059     
  0.76849999999999996        1.0000000009281886     
  0.76949999999999996        1.0000000017476127     
  0.77049999999999996        1.0000000024639653     
  0.77149999999999996        1.0000000029655038     
  0.77249999999999996        1.0000000032450409     
  0.77349999999999997        1.0000000034300642     
  0.77449999999999997        1.0000000035723360     
  0.77549999999999997        1.0000000037108523     
  0.77649999999999997        1.0000000038727286     
  0.77749999999999997        1.0000000040717771     
  0.77849999999999997        1.0000000043042803     
  0.77949999999999997        1.0000000045444730     
  0.78049999999999997        1.0000000047466979     
  0.78149999999999997        1.0000000048510835     
  0.78249999999999997        1.0000000048530238     
  0.78349999999999997        1.0000000048133875     
  0.78449999999999998        1.0000000047741973     
  0.78549999999999998        1.0000000047475319     
  0.78649999999999998        1.0000000047370647     
  0.78749999999999998        1.0000000047664559     
  0.78849999999999998        1.0000000048302067     
  0.78949999999999998        1.0000000049584985     
  0.79049999999999998        1.0000000051257210     
  0.79149999999999998        1.0000000052973852     
  0.79249999999999998        1.0000000053927167     
  0.79349999999999998        1.0000000054483043     
  0.79449999999999998        1.0000000055007707     
  0.79549999999999998        1.0000000055239420     
  0.79649999999999999        1.0000000055109743     
  0.79749999999999999        1.0000000055306264     
  0.79849999999999999        1.0000000054437175     
  0.79949999999999999        1.0000000053113320     
  0.80049999999999999        1.0000000051370452     
  0.80149999999999999        1.0000000049787345     
  0.80249999999999999        1.0000000048694588     
  0.80349999999999999        1.0000000047890951     
  0.80449999999999999        1.0000000047196258     
  0.80549999999999999        1.0000000046462902     
  0.80649999999999999        1.0000000045689774     
  0.80750000000000000        1.0000000044854100     
  0.80850000000000000        1.0000000043733941     
  0.80950000000000000        1.0000000042282047     
  0.81050000000000000        1.0000000040340951     
  0.81150000000000000        1.0000000038002799     
  0.81250000000000000        1.0000000035455547     
  0.81350000000000000        1.0000000032977499     
  0.81450000000000000        1.0000000030883016     
  0.81550000000000000        1.0000000029453784     
  0.81650000000000000        1.0000000028802087     
  0.81750000000000000        1.0000000028522396     
  0.81850000000000001        1.0000000028383542     
  0.81950000000000001        1.0000000028197735     
  0.82050000000000001        1.0000000027793607     
  0.82150000000000001        1.0000000027145426     
  0.82250000000000001        1.0000000026460483     
  0.82350000000000001        1.0000000026107703     
  0.82450000000000001        1.0000000025877047     
  0.82550000000000001        1.0000000025573823     
  0.82650000000000001        1.0000000025436813     
  0.82750000000000001        1.0000000025460112     
  0.82850000000000001        1.0000000025189431     
  0.82950000000000002        1.0000000025720455     
  0.83050000000000002        1.0000000026638167     
  0.83150000000000002        1.0000000028450509     
  0.83250000000000002        1.0000000030773777     
  0.83350000000000002        1.0000000033483858     
  0.83450000000000002        1.0000000036404075     
  0.83550000000000002        1.0000000039389192     
  0.83650000000000002        1.0000000042262263     
  0.83750000000000002        1.0000000044490096     
  0.83850000000000002        1.0000000045678836     
  0.83950000000000002        1.0000000046248823     
  0.84050000000000002        1.0000000046629656     
  0.84150000000000003        1.0000000046860169     
  0.84250000000000003        1.0000000046951041     
  0.84350000000000003        1.0000000047073918     
  0.84450000000000003        1.0000000047054038     
  0.84550000000000003        1.0000000046617170     
  0.84650000000000003        1.0000000046179571     
  0.84750000000000003        1.0000000045096409     
  0.84850000000000003        1.0000000043519932     
  0.84950000000000003        1.0000000041336385     
  0.85050000000000003        1.0000000038670500     
  0.85150000000000003        1.0000000035565915     
  0.85250000000000004        1.0000000032070289     
  0.85350000000000004        1.0000000028187228     
  0.85450000000000004        1.0000000023867153     
  0.85550000000000004        1.0000000018989019     
  0.85650000000000004        1.0000000013377786     
  0.85750000000000004        1.0000000006852983     
  0.85850000000000004       0.99999999992889010     
  0.85950000000000004       0.99999999906895587     
  0.86050000000000004       0.99999999812599560     
  0.86150000000000004       0.99999999715054588     
  0.86250000000000004       0.99999999622604341     
  0.86350000000000005       0.99999999551260776     
  0.86450000000000005       0.99999999517959093     
  0.86550000000000005       0.99999999506850135     
  0.86650000000000005       0.99999999503787418     
  0.86750000000000005       0.99999999502874692     
  0.86850000000000005       0.99999999502293846     
  0.86950000000000005       0.99999999501776837     
  0.87050000000000005       0.99999999500453141     
  0.87150000000000005       0.99999999498066661     
  0.87250000000000005       0.99999999495373337     
  0.87350000000000005       0.99999999492359659     
  0.87450000000000006       0.99999999489162483     
  0.87550000000000006       0.99999999487580260     
  0.87650000000000006       0.99999999486575553     
  0.87750000000000006       0.99999999487749236     
  0.87850000000000006       0.99999999492769132     
  0.87950000000000006       0.99999999502675185     
  0.88050000000000006       0.99999999518877114     
  0.88150000000000006       0.99999999541593898     
  0.88250000000000006       0.99999999570960607     
  0.88350000000000006       0.99999999606022028     
  0.88450000000000006       0.99999999645058557     
  0.88550000000000006       0.99999999685728236     
  0.88650000000000007       0.99999999725466726     
  0.88750000000000007       0.99999999761937819     
  0.88850000000000007       0.99999999793519745     
  0.88950000000000007       0.99999999819695884     
  0.89050000000000007       0.99999999841178211     
  0.89150000000000007       0.99999999859744892     
  0.89250000000000007       0.99999999877862000     
  0.89350000000000007       0.99999999898126635     
  0.89450000000000007       0.99999999922697957     
  0.89550000000000007       0.99999999952814289     
  0.89649999999999996       0.99999999988463895     
  0.89749999999999996        1.0000000002841618     
  0.89849999999999997        1.0000000007042937     
  0.89949999999999997        1.0000000011167367     
  0.90049999999999997        1.0000000014931156     
  0.90149999999999997        1.0000000018112309     
  0.90249999999999997        1.0000000020598814     
  0.90349999999999997        1.0000000022410356     
  0.90449999999999997        1.0000000023680455     
  0.90549999999999997        1.0000000024621774     
  0.90649999999999997        1.0000000025476301     
  0.90749999999999997        1.0000000026457092     
  0.90849999999999997        1.0000000027695657     
  0.90949999999999998        1.0000000029225056     
  0.91049999999999998        1.0000000030995173     
  0.91149999999999998        1.0000000032915486     
  0.91249999999999998        1.0000000034863070     
  0.91349999999999998        1.0000000036716084     
  0.91449999999999998        1.0000000038424901     
  0.91549999999999998        1.0000000039919048     
  0.91649999999999998        1.0000000040915851     
  0.91749999999999998        1.0000000041224684     
  0.91849999999999998        1.0000000041251804     
  0.91949999999999998        1.0000000041103643     
  0.92049999999999998        1.0000000040893942     
  0.92149999999999999        1.0000000040538277     
  0.92249999999999999        1.0000000040201449     
  0.92349999999999999        1.0000000039770316     
  0.92449999999999999        1.0000000039183985     
  0.92549999999999999        1.0000000038503802     
  0.92649999999999999        1.0000000037460877     
  0.92749999999999999        1.0000000036069716     
  0.92849999999999999        1.0000000034370220     
  0.92949999999999999        1.0000000032498766     
  0.93049999999999999        1.0000000030597320     
  0.93149999999999999        1.0000000028816958     
  0.93250000000000000        1.0000000027297389     
  0.93350000000000000        1.0000000026167046     
  0.93450000000000000        1.0000000025539497     
  0.93550000000000000        1.0000000025297038     
  0.93650000000000000        1.0000000025219868     
  0.93750000000000000        1.0000000025217146     
  0.93850000000000000        1.0000000025225131     
  0.93950000000000000        1.0000000025173976     
  0.94050000000000000        1.0000000025076257     
  0.94150000000000000        1.0000000025001812     
  0.94250000000000000        1.0000000025006042     
  0.94350000000000001        1.0000000024999800     
  0.94450000000000001        1.0000000024968283     
  0.94550000000000001        1.0000000024922922     
  0.94650000000000001        1.0000000024863522     
  0.94750000000000001        1.0000000024844273     
  0.94850000000000001        1.0000000024859932     
  0.94950000000000001        1.0000000024994811     
  0.95050000000000001        1.0000000025268727     
  0.95150000000000001        1.0000000025686400     
  0.95250000000000001        1.0000000026253282     
  0.95350000000000001        1.0000000026986413     
  0.95450000000000002        1.0000000027903986     
  0.95550000000000002        1.0000000029021880     
  0.95650000000000002        1.0000000030372898     
  0.95750000000000002        1.0000000032009895     
  0.95850000000000002        1.0000000033968306     
  0.95950000000000002        1.0000000036216077     
  0.96050000000000002        1.0000000038653587     
  0.96150000000000002        1.0000000041019832     
  0.96250000000000002        1.0000000042698469     
  0.96350000000000002        1.0000000043198189     
  0.96450000000000002        1.0000000043221360     
  0.96550000000000002        1.0000000043086363     
  0.96650000000000003        1.0000000043001853     
  0.96750000000000003        1.0000000042735351     
  0.96850000000000003        1.0000000042483785     
  0.96950000000000003        1.0000000042130373     
  0.97050000000000003        1.0000000041461123     
  0.97150000000000003        1.0000000040549444     
  0.97250000000000003        1.0000000038897523     
  0.97350000000000003        1.0000000036444403     
  0.97450000000000003        1.0000000033155412     
  0.97550000000000003        1.0000000029056715     
  0.97650000000000003        1.0000000024180278     
  0.97750000000000004        1.0000000018591588     
  0.97850000000000004        1.0000000012401300     
  0.97950000000000004        1.0000000005767327     
  0.98050000000000004       0.99999999988823352     
  0.98150000000000004       0.99999999919552041     
  0.98250000000000004       0.99999999851930788     
  0.98350000000000004       0.99999999787834792     
  0.98450000000000004       0.99999999728718569     
  0.98550000000000004       0.99999999675342244     
  0.98650000000000004       0.99999999627855329     
  0.98750000000000004       0.99999999585874189     
  0.98850000000000005       0.99999999548397167     
  0.98950000000000005       0.99999999513920601     
  0.99050000000000005       0.99999999481040369     
  0.99150000000000005       0.99999999448993115     
  0.99250000000000005       0.99999999418083985     
  0.99350000000000005       0.99999999391670069     
  0.99450000000000005       0.99999999377536464     
  0.99550000000000005       0.99999999373236259     
  0.99650000000000005       0.99999999372047166     
  0.99750000000000005       0.99999999372232729     
  0.99850000000000005       0.99999999372764348     
  0.99950000000000006       0.99999999377539994     
